-5.778711448783822036e-01 -4.704454248373579617e-01 -5.782473959859082413e-01 -5.664875428966134052e-01 -4.230811146420379032e-01 -4.347901895286021556e-01 -5.935726804758070241e-01 -6.222746379966785923e-01 -4.488694489114521957e-01 -3.921226795745162974e-01
1.587891656890416670e-02 8.695684465527264706e-04 1.865501302681948914e-02 2.687759777391107718e-02 -3.454576594352332108e-03 8.139041029934901417e-03 -6.062123183095646795e-02 -8.554082504027515910e-02 1.748080541898211493e-02 -5.620273593786428989e-02
2.726742604522769398e-03 3.849975229936575261e-03 1.107739544103258922e-02 1.879028190017528743e-02 -1.723131597619742550e-02 3.076562155864914772e-02 -2.096247707354814693e-02 -4.492081362095401431e-02 1.143476042757463063e-02 -2.785919740767264785e-02
-1.290455549784041978e-02 1.976641409406454386e-03 -1.629926247492963221e-02 3.364817978348533245e-03 -1.021364967993498851e-02 1.931179009035355332e-02 1.689435985133069806e-02 1.213819099281909786e-02 2.573657946520313544e-03 -2.745854240272738167e-03
-3.591415921207818940e-03 -1.377337279319439389e-01 -8.050943361078921612e-02 3.381717393635241820e-03 -1.579012757936815170e-01 -1.378812668026707655e-01 -6.856652115464090258e-02 3.522148704991678869e-03 -1.374678510983802227e-01 -4.995823867645388106e-02
6.050331373798445433e-02 1.747783186012941137e-02 2.496203371964966777e-02 5.454764970186154471e-02 3.658716297070085943e-02 4.512051695405272511e-02 7.517868851639519789e-03 -1.392438135262175081e-02 3.296010403985683013e-02 3.864251942812302332e-02
3.431648249284435792e-03 1.636498676916773309e-01 1.250681489259424239e-01 3.194628158255952144e-02 2.418059625980255589e-01 1.452561024330982775e-01 1.261684745767306381e-01 9.407020107325703151e-02 2.122808556902930910e-01 -2.610529861468435797e-02
1.083130075343685661e-02 2.846921343676989125e-02 3.032758132733004430e-02 2.316642157635140364e-02 3.422201983685724258e-02 4.666853609816268289e-02 1.684796226734786018e-02 -7.967947794560892305e-03 1.283871429680605303e-02 1.513565107450620673e-02
-1.363950574999517329e-02 2.655082315645085345e-02 3.350270528651666524e-03 2.619740193402275708e-02 -2.579409708259028378e-02 -1.727670695376692933e-02 4.596106305721825436e-03 9.476210654844052783e-04 1.447921168968502315e-02 1.976907922861315114e-03
9.514987427992505076e-02 5.313302854810864062e-02 8.944036693563894858e-02 7.281679163518717246e-02 8.765815048944602950e-02 8.267543212389583118e-02 7.633796181828866878e-02 9.524762207028469874e-02 8.456843212261233589e-02 9.021714347114162535e-02
6.140153204332321479e-02 1.018329900780869934e-01 1.342618624245055514e-01 4.666737843634471972e-02 1.051720052434834685e-01 1.002553839564992444e-01 1.197087079398873044e-01 7.038054806985183376e-02 1.044860545944414909e-01 7.491479871710637894e-02
3.974575669430358005e-02 1.828316196370405322e-02 1.354825094025002841e-02 -2.087744453511231058e-02 1.614874719361480970e-02 -3.498473456446937746e-03 1.842685986147429844e-02 3.330939864535498174e-02 5.989620482126589707e-03 2.868399471202476292e-02
1.680414424636776705e+00 1.476863688301394362e+00 1.537756380389126321e+00 1.471533340785801336e+00 1.555637951979840228e+00 1.487212770401900030e+00 1.744784367881567544e+00 1.871489862295851125e+00 1.445748634817655143e+00 1.531944249215970721e+00
2.837798122846724169e-02 3.426465783686527544e-02 5.167092430155584282e-02 5.475872379231638831e-02 6.708493799110759603e-02 1.917501096026796858e-02 1.010075632411773228e-01 9.923932474531049763e-02 6.430783075852808395e-02 7.062584484758716030e-03
5.735518780198944899e-02 -2.186721628377519266e-02 -4.379676905039442403e-02 -4.974396096575350867e-02 6.407489604750971068e-02 -3.120886747262718863e-02 6.308481395749065967e-02 1.222161912578956233e-01 -3.546440052910704299e-02 2.146506586638885494e-02
8.390876817556858214e-02 -1.169414456869954932e-02 1.479175634350404778e-02 -1.208454839294148542e-02 5.155703532735955719e-02 6.263235164832714474e-02 7.938761258337301285e-02 1.111009464919776590e-01 -1.810008320919109792e-02 3.005203761864505552e-02
3.598093729891083115e-02 -8.129630106131102707e-03 -3.885084081896206243e-02 -2.730258751677894224e-02 -5.304161260313833282e-02 -9.782025554014417423e-03 3.126547765963394454e-02 9.447291935215140768e-02 -3.948824568201558805e-02 3.748896367111598238e-02
6.643570908292684152e-02 -5.282190351620918989e-03 -4.562656692733746411e-02 -4.233054694258608919e-02 -7.142968297809737521e-02 -7.392745288286928229e-02 3.929996671841351485e-02 1.339511133107071927e-01 -8.417551981780668768e-02 6.302572160470276685e-02
-7.947333368179876345e-03 -4.545347518001019438e-02 -3.627662803880316034e-02 -1.041288428813791356e-02 -4.647104785007538652e-02 -1.679279437301595124e-02 3.160422489020220382e-02 6.648371505634020906e-02 -4.820470222968697982e-02 -1.170247627968024062e-03
4.644145685065970142e-02 -3.749306252178818966e-02 1.401124791399244174e-02 2.353603687724659110e-02 -5.024900775951635090e-02 2.761818243839364584e-03 1.893814788649805791e-03 1.515422808519684139e-03 -3.042314842452520374e-02 3.461918719339784900e-02
3.696812540349014853e-02 -7.238846370279516940e-02 -2.345828949141548492e-02 6.188527848451030877e-03 -5.532386000820466165e-02 -5.954819329503147074e-02 6.910215015569409758e-02 1.172652830687139769e-01 -4.249728863159951686e-02 1.032840238010201972e-02
-1.674801938829801884e-01 -1.647087816443786323e-01 -1.339183291490462224e-01 -1.607704026893541638e-01 -1.128330813210336458e-01 -1.706761043906279696e-01 -1.746961038293486368e-01 -1.608719544104832977e-01 -1.317055410315042252e-01 -1.360373866363415729e-01
1.042110240791220832e-01 2.491884006262301554e-02 8.559917172563258347e-02 5.483822744525035375e-02 -1.383661833519900242e-02 3.947815310920432808e-02 5.961076774291473868e-02 8.445283845928663879e-02 4.785836251533925889e-02 5.351343932441210427e-02
-1.359969791594366484e-01 -4.231321489517014811e-02 -5.695988455893807867e-02 -5.859141728462446963e-02 -8.752826465423524382e-02 -2.120761556714612084e-02 -1.244733240938424856e-01 -1.459272952669685708e-01 -5.279319663644432836e-02 -1.487202295344687286e-01
-6.452622567413257570e-02 -7.501843510922334701e-02 -7.078628572512268846e-02 -9.665677938354200194e-02 -6.936505982673324411e-02 -1.015977371935203877e-01 -4.162226386820755408e-02 -5.706878926834413335e-03 -8.705561615897927652e-02 -7.717709120720250837e-02
3.781401799718953072e-02 3.174502796141176475e-02 1.952330190126438936e-02 1.930648813327895397e-02 3.449155153158134368e-02 3.971148226428411476e-03 3.783018027845308495e-02 2.677976610841348304e-02 2.056233863236212045e-02 1.683235187527110099e-02
2.142569271164518341e-02 1.598774980258887979e-02 3.934649850367222257e-02 4.894468290252795839e-02 2.187093655717031737e-02 1.952615315154471176e-02 1.652514557232986903e-02 2.052226230493126025e-02 8.387630483465358111e-03 -1.363969881127147232e-02
3.219891134785513032e-02 -9.358567862750355459e-03 8.062325928895663907e-03 7.887279539521507843e-03 -4.208220180045962877e-03 -2.434011381077727521e-02 -4.719917352375979647e-03 5.024090299897920886e-02 -2.371590833573566925e-02 4.288659018989449123e-03
-2.143941705488838778e-02 2.033675534834422649e-02 1.506032020585301723e-02 3.216587953914107345e-03 -8.765497405208932946e-03 -7.193688145474830264e-04 5.142058438234009543e-03 -1.884171755319830055e-02 2.873168765360745169e-02 1.120965433453502413e-02
-6.114914566443196975e-02 4.446314181396893161e-02 1.137631419107965058e-02 8.964944235292815478e-03 6.972789236927567913e-03 2.933202862022010748e-02 -1.662232736066560079e-02 -5.858926864019942116e-02 7.301255907914061538e-02 -1.866828552987787049e-02
-9.435852685004242346e-03 -1.978901831966961566e-02 1.321794856408953223e-02 4.278224286613951932e-02 -7.958665380694895930e-03 2.711281266367571163e-02 -9.596000685214267634e-03 -4.307537904683655938e-02 -8.762420718794849961e-03 -2.914124982511179240e-02
1.934640958169442371e-02 -6.997215187307226358e-03 2.188684709908361725e-02 -1.356293393798946312e-02 3.289820916686281294e-03 -1.822318009135237560e-03 1.552088945108387463e-02 5.785920781725284456e-02 -4.632600365594541358e-03 -2.112557742715059916e-02
-2.038459585050667044e-02 -3.511583877241264418e-03 -6.327295668556554009e-03 1.584260733715758818e-03 3.703406648071272400e-02 4.009557105533390065e-02 1.055573839043066897e-02 -2.625692643058563647e-02 1.811139553849239192e-02 3.256971187855839389e-03
-2.175435913480261441e-02 3.977435659716999083e-02 4.361546902761959110e-02 2.634352117950022887e-02 6.454806544634550391e-02 8.493803551900658277e-02 -5.290450090080645040e-02 -2.182469383510641237e-01 1.051853603471482046e-01 8.911695705905664511e-03
-1.242141597634427441e-02 4.145639342407747563e-03 -1.834599295094552218e-03 6.760411469547866758e-03 2.025983567090339221e-02 3.717696939018355629e-02 -7.967287771653452921e-03 -2.205690298636397984e-02 2.972516767048460906e-03 -1.921187389348233410e-02
-1.838409683725261701e-02 -1.875597580615817606e-02 1.795050726382032419e-02 -1.646368950331567049e-02 4.177000091526217318e-02 1.827887302885156107e-02 -1.345622903743004528e-02 -3.106189458438501916e-02 -2.284681969543567170e-03 -1.207694768916134365e-02
3.978887831065680558e-02 -4.523092251263793884e-02 -6.039255957435596400e-02 -7.478244079676965583e-02 -2.940181385855744622e-02 -5.886146103823364228e-02 8.796317704535816517e-02 1.176583796204893062e-01 -6.045609432543752604e-02 8.641280982893695395e-02
-2.306650819439886035e-01 1.555715994497814947e-01 7.233455543862987724e-02 5.653846190387135096e-02 1.866538575939742373e-01 3.495914296855451298e-02 -1.000844836494891865e-01 -2.439124925132112320e-01 1.816790587603165363e-01 -1.416792247265147298e-01
-1.673169057186019160e-02 -1.148834263700315717e-02 -1.574880230858410890e-02 -4.874959172321702283e-02 8.783700334059396653e-03 -1.443188711797338541e-02 3.090220762985662617e-02 4.407485836395430567e-02 -1.275579176898244960e-02 1.532835304437796253e-02
-1.885472501420260016e-02 -1.633457818660666305e-02 5.640844302198244620e-03 -1.962749365562155290e-02 1.227658855543989347e-03 1.140880072400023149e-02 2.739989991673574821e-02 -3.523153630855979657e-03 -3.841027266445085075e-03 2.373497188903295196e-02
-8.327092140724889902e-02 3.583093513176782707e-02 2.515904346828357063e-02 4.757354743496833294e-02 -1.981260432906051250e-02 2.383251753922621674e-02 -5.164231589079015805e-02 -1.212747694430555967e-01 8.966093202945835117e-02 -5.344722433913151605e-02
8.090198876842613629e-02 3.692865641197951021e-02 3.560984273443246195e-02 9.689553491395663798e-03 -3.204609112395614967e-02 4.949813139149839003e-02 8.271581039351794118e-02 1.992704134410239192e-02 4.506921847006073456e-02 9.967200999748504486e-02
-7.248264712630536621e-02 -1.562529562485224233e-01 -1.868989348000686945e-01 -1.478709014037908887e-01 -2.048171534871165989e-01 -1.698509243162540372e-01 -1.236186002919108518e-01 -3.260229635189171304e-02 -1.894962501975112623e-01 -7.667715544815489892e-02
-6.042075022561199660e-02 1.505303222656291240e-01 1.322045903458421989e-01 9.622861783301139837e-02 7.311747617508457253e-02 1.388603530075620540e-01 -1.714184048634947999e-02 -9.375827132760328197e-02 1.601967284181151641e-01 -3.870291244570900346e-02
1.068380510439670417e-02 1.571287410676802665e-03 4.067067852600914080e-03 4.006982583527207709e-02 -2.140076266933643723e-02 2.457927701336792836e-03 4.974829982670847528e-03 2.641074126295883673e-03 -1.685253262116948036e-02 4.209574046212694043e-03
-1.985766604981620276e-04 2.458871714839716560e-02 2.125524823683688780e-02 2.662592766731552985e-02 -8.700684360066546219e-03 3.123849106370446549e-02 -2.110674142662638531e-02 -5.437024083251795759e-02 2.683349661523060092e-02 -1.570282297435632302e-02
6.094689949955434116e-03 -4.741131283069410784e-02 -1.560306476926553998e-02 -1.853189594451976063e-02 3.165051276217401011e-02 5.605002626310384706e-02 9.417251739675780442e-03 -1.646091492079726493e-02 -2.987928528393268834e-02 2.106760535129836853e-02
-2.356116542855613005e-02 3.098800708405935467e-02 3.642568401383527998e-02 6.309786289742325138e-02 -5.827203575511141764e-03 1.393795034683176226e-02 1.065578659533272798e-03 -4.841693420632253719e-02 4.429978685963220641e-02 -4.909900922898557951e-03
2.128381211170360388e-02 -4.119632835085962341e-02 -1.608808970263364557e-02 -4.467317213049604163e-02 7.681613431361533628e-03 1.992788669786715872e-02 2.090910658225286767e-02 4.816822440229362456e-02 -3.416730567465631196e-02 9.973588152908163806e-03
-4.308033370704045240e-02 -6.226375991624699680e-02 -1.332298454255331777e-02 -7.647050298476898433e-02 -1.377317080981566022e-02 -3.745199517575192871e-02 -5.863102712699408414e-03 1.602873439467611405e-02 -4.215110492527429642e-02 -5.990765564293587531e-02
-1.781688311694118454e-03 2.811376729494252658e-02 2.620227044139333827e-02 9.698630424150422868e-03 -9.631470463712155095e-03 3.627088233577602239e-03 -2.778684650066320927e-02 -4.593663066564790398e-02 3.974881654206541270e-02 -1.629905644422180444e-02
-3.073919540622771507e-02 -1.987286232360396809e-02 -2.704275844015313623e-02 -6.171004596939599907e-02 7.298463374041830320e-03 -1.589510274568173287e-02 2.781531322088337532e-02 4.696456658842418364e-02 -2.090763289064057062e-02 -1.820181356756123137e-02
-6.566465027903589657e-03 6.150813327706394773e-03 -3.219973568713285772e-03 9.686078257601593577e-03 9.832644626854403214e-03 7.242762145560632803e-04 5.859237066636602265e-03 -7.591398354119149872e-03 -5.388940663288543931e-03 -9.300150427619335858e-03
-1.614776007935336821e-02 1.495512855156810872e-02 2.971278921581976817e-02 4.095385118313243922e-02 -1.780651610085204339e-02 7.997726023720730382e-03 -5.126532516812343232e-02 -7.958669759636194385e-02 6.615772066425051889e-03 -4.835988914746103262e-02
-2.020507299974738658e-02 4.926218909543766955e-02 4.411548008780830088e-02 3.880410688621571680e-02 1.304007879214408305e-02 3.453013387699765957e-02 -5.139410164342272935e-03 -5.136784826144680238e-02 5.737838113483384461e-02 -4.786148486847885408e-03
1.048120120690629875e-01 7.573348339390850725e-02 1.162004590090903733e-01 7.139636280236261179e-02 5.066833658858582723e-02 1.952772733956731344e-02 1.550525036050736105e-01 1.589445899572945464e-01 7.235079179767645030e-02 3.743467924043120121e-02
-5.047188472603014731e-02 -6.351510865177445453e-02 -2.074642335655507708e-02 2.560318448370679789e-02 -8.662230790741887176e-02 -2.018530224760350933e-02 -9.934614938462082989e-02 -1.023552257765310003e-01 -4.708024076235162170e-02 -6.408196439081681461e-02
1.701012607950600497e-01 2.910095686756175581e-02 5.957856289170582187e-02 1.814542916263182093e-01 -8.094080631128086623e-02 -2.271929152214013925e-02 5.029961930331561248e-02 6.304604417463277599e-02 9.364526316243626525e-03 1.066374354445205341e-01
1.446544598598009657e-02 1.514961998473318694e-01 6.964637656274241806e-02 -1.021742305711157428e-01 2.334014761853637765e-01 -1.179115806481689788e-02 1.832346626942111811e-01 2.655315590252262936e-01 1.862092835299531401e-01 4.743453204365088993e-02
1.447953245829003421e-02 4.059908152846070095e-02 4.574626619769883717e-02 -8.190573259359013036e-03 3.176361057738574800e-02 2.337941727393655356e-02 4.835837104421614185e-02 5.559005541270245487e-02 5.829966203008218883e-02 3.853627642681978216e-02
5.600644813815058853e-03 -1.998720534100240087e-02 -1.474751133513063639e-02 -1.324556802766552188e-02 1.919723692266650517e-02 2.989751837062015749e-02 1.441447722514155316e-02 1.955973142395706077e-04 -1.449248523143209511e-03 1.237344701734066632e-02
-7.565886039281544129e-03 1.025242322077232204e-01 8.533670765130807467e-02 4.863238739724540238e-02 1.085592329228886044e-01 1.417068491320936374e-01 -5.900909663979270192e-03 -2.423223108698913109e-02 6.834385354042993299e-02 -3.141119574152106964e-02
-3.164378314083293731e-02 -5.728094287362539561e-02 -4.055093994498726317e-02 -4.913371561875834459e-02 -9.502255907815282399e-02 -3.644983673315138617e-02 -2.690775606195128233e-02 -1.881913189104444939e-02 -6.478372925117614756e-02 -2.924094391203091448e-02
1.043010038763139136e-01 5.629847247504571328e-02 4.496595057776975324e-02 5.302061219637721479e-02 -2.051012187155532018e-02 5.539648895563331621e-02 3.944710939200568589e-03 8.105131538199472629e-03 5.489278240860606672e-02 6.355559419532141874e-02
-6.126348028677952584e-02 -2.840627945720264336e-02 -7.004485743000365972e-02 -9.371084968005760629e-02 4.151688741901260471e-02 -6.336532761786450862e-02 -7.704101246002181824e-04 2.359803249518144241e-02 -2.364602934233150933e-02 -4.834675082111328237e-02
1.788707924061316845e-02 -3.263677923285435156e-02 -2.627768817560305337e-02 -6.213734520792080218e-02 2.239950231400378300e-02 -2.369670426967140919e-02 3.886140633736356875e-02 1.049279506501115122e-01 -4.968201752543599525e-02 2.813891215332686713e-02
1.658135053033049644e-02 2.777864987530698215e-02 3.435418882095397919e-02 4.652396433808192455e-02 5.035242433635644943e-02 3.884076209316855710e-02 1.847126560773038051e-02 2.143868858934450117e-02 1.939831801090541319e-02 7.726483976306930401e-04
-1.182218657795708339e-02 1.704110135674596904e-02 -7.562536482275561411e-03 -2.299478770998053534e-02 1.011379216325991592e-03 -1.233267967954945754e-02 2.902388403886613233e-02 2.681371484722827603e-02 -7.248029261470279039e-03 1.271748519030957425e-02
-3.871049718207419943e-02 -7.438439052624712389e-02 -3.213367691358737233e-02 -7.477012091287171813e-02 -2.715748512282356586e-02 -5.462277585386399181e-02 -4.649933280227269705e-02 -1.837694852328475292e-02 -7.325668993457057354e-02 -7.739171806299349754e-02
2.115488708254709138e-02 7.440815314387982937e-02 7.423022431841452828e-02 6.881478390112683030e-02 2.228616355808910043e-02 4.920966573166918323e-02 3.331738899850034130e-02 1.455756984242828622e-02 5.845438524368606892e-02 9.686835642061630836e-03
1.102622089672333772e-02 2.053228044594579416e-02 -1.321953925266505792e-02 2.302364941220602645e-02 -1.576679133486091899e-02 -1.067962526027610437e-02 2.461409402085834586e-04 -9.588859090257528806e-03 -1.313714228648343862e-03 -3.077506828077503087e-04
-1.354176662097872352e-02 -9.687617012884572332e-02 -1.918098937604799659e-01 -1.346689304781336638e-01 -2.866999389202007364e-02 -1.375986144798311273e-01 5.833740980558754785e-02 5.855548907797480940e-02 -1.245500139250292904e-01 8.289949829357823319e-02
-7.292008282789375073e-02 -1.302959038760070909e-02 -1.896288995920158982e-02 -1.529956524527253947e-02 -1.284078715318148767e-02 -1.835445724684436897e-02 -4.786864398454193648e-02 -1.115459651203067892e-01 1.120382438724920604e-02 -5.873874660639621936e-02
-2.036278021441262354e-02 -1.696658625929625686e-02 -1.666282758734727310e-02 -3.134848182691163387e-02 -1.881371487730909564e-02 -2.616921252004500431e-02 1.249296805594202198e-02 4.430118887974776598e-02 -3.558256205881882295e-02 -1.218316661797391731e-02
-1.157445586200900323e-02 1.284097923376315009e-02 -7.938413966789070741e-03 -1.500356940289915286e-02 -7.132168609165212558e-03 3.571149057520806025e-02 -4.205966427938534480e-02 -6.898505817533262530e-03 -1.264284204772359033e-02 -3.384949414263616063e-02
-2.490469093355596186e-02 -8.842904784067684432e-04 -1.039990370574095380e-02 3.659783818021189461e-02 -8.460717652154148283e-02 -2.962994236921279168e-02 -8.728781081505054829e-02 -1.211241456154024121e-01 -1.911986792612019315e-02 -4.792898880838514231e-02
-1.320006891684437633e-01 -7.396944449808162680e-02 -4.351229749340279618e-02 -3.789710556650582873e-02 -1.321605317745855324e-01 -5.319559201272738846e-02 -1.138935382602141999e-01 -1.895154791000628336e-01 -3.690213923606044943e-02 -9.855317935271568075e-02
-2.039263117446843410e-03 -4.208331004475596160e-03 3.351036505560234247e-03 -9.124095125434550368e-04 2.669939440460566971e-04 -2.276513632259380415e-02 1.814293609429284970e-02 3.841012508229990630e-02 -1.546317897723614720e-02 -1.256865341720336815e-02
-4.476792042005772743e-02 -1.348947780101195093e-02 -1.222869303863705071e-02 4.059970510840393842e-03 -4.203115872034679512e-02 1.092391493525557422e-02 -3.951620158474078437e-02 -9.433604325426614423e-02 -2.862783742050289959e-02 -7.011644396427740844e-02
9.499552752843420933e-03 2.515696044659421204e-02 1.110539058541615276e-02 3.073686511645412622e-03 8.534110116961812764e-03 -2.521430264233792684e-03 -8.619434498285727386e-03 1.230913393193588945e-03 -1.120039023802199551e-03 6.952677716046018475e-03
-2.176211460999510905e-02 -5.780526791237505790e-02 -2.443627756817434715e-02 -4.738723384195520083e-02 -1.734550536437140522e-02 -5.634334736728252579e-02 2.391529730280872457e-02 5.146370564698199424e-02 -6.189677554198347309e-02 -2.040999028633905255e-02
1.058538021815529362e-01 1.987657044725770206e-01 1.257912196750936573e-01 1.559169303844141208e-01 9.488385244986030642e-02 1.069335583089108255e-01 1.042212829593127665e-01 1.009806077407784386e-01 1.295508587359908148e-01 1.226388551649701952e-01
1.064764043824464324e-01 1.601463357246180053e-01 1.270682183039308910e-01 7.748238179861122177e-02 9.555629963066980537e-02 5.627748255094111585e-02 1.093536728701440808e-01 4.158578435277016094e-02 9.802492073233082248e-02 1.290825663183472471e-01
-1.791300068124268563e-02 1.419227455983218533e-03 2.867929070076158382e-04 -8.794354066386844693e-03 2.492874129941036188e-03 1.788852645056238089e-02 -4.726032443362004898e-02 -6.023720549795275048e-02 1.446467031895215527e-02 -2.260989429787940708e-02
1.850714174384560096e-02 3.110506146499059099e-02 4.793927116164198310e-02 5.185615470791304915e-02 4.678429548509122071e-02 6.107943045876318422e-02 5.295260088854880642e-02 3.980275445299596981e-02 4.399639805364508049e-02 2.656456099637338752e-02
-4.270621843075694812e-03 -2.078829783345259585e-02 -1.162031713492761575e-02 -3.861432094172378982e-02 2.582998706333228256e-02 3.617957761101608938e-02 1.051956816588717203e-02 -3.878330683262376510e-04 -3.967421980096030865e-03 2.938862320697932518e-02
1.001696117023342936e-02 -9.883426837431485978e-03 -4.066511078020873526e-02 -2.702475356390099392e-02 -1.338975365328742839e-02 -3.105096930597994742e-02 7.919542207456942151e-03 4.804211522428136760e-02 -4.623800855239279528e-02 1.716545987559126019e-02
-5.258511408590638148e-02 2.482198628849463518e-02 5.610927165998091937e-02 4.856886502169954767e-02 2.626107773706287674e-02 5.975333136009530755e-02 -4.910298073316399226e-02 -1.485055468042388860e-01 6.238361258891389483e-02 -3.298487542291139718e-02
-6.441040050569313280e-02 -6.101337169380194325e-02 -7.850964153865991335e-03 -3.115069524543923052e-02 -4.316247973558162698e-02 1.263447935649697484e-02 -1.028662250487819563e-01 -1.063201927236301358e-01 -5.305809756160329016e-02 -1.212085468801067378e-01
5.289174550902675520e-02 1.429592751638320003e-02 4.630430612548153135e-02 6.502185262275794742e-02 -5.002088973142093664e-02 -7.173502530933362209e-02 2.314544133236395851e-03 1.578213390177918285e-02 3.460617694911061193e-02 9.721987396940079407e-03
-1.047197488080540140e-01 3.368295245564922880e-04 1.068008134391362773e-02 3.333385382448295076e-02 -1.039717917997684538e-02 3.424078107977823748e-02 -1.349211997925223727e-01 -2.370665505968956310e-01 6.186431835218542119e-02 -8.309017887052183582e-02
5.483193088918714153e-02 1.260740255619716699e-01 9.876136364268273127e-02 2.565776689949972322e-02 1.196306846548287339e-01 7.562481411506283280e-02 6.115220746254124151e-02 8.973267056566669453e-02 1.084664159047239451e-01 3.786857604780546893e-02
7.498707332912246670e-03 -9.578547071099841048e-03 6.652964495154423119e-02 5.921033436216394108e-02 -2.964035794982855521e-02 3.781141724116787728e-02 -3.063776528444961400e-02 -4.333624949831627049e-02 2.526628274221076609e-02 -3.410374603399635163e-02
1.267309206816022993e-01 1.199049927865556420e-01 1.266803631446435929e-01 1.025175715477146809e-01 1.014604816099238249e-01 1.231542835860146567e-01 9.100585237542976880e-02 1.236550612841185171e-01 8.118139660804857272e-02 8.004402851105751893e-02
6.200665712460162737e-02 6.759389393335535345e-02 3.079985107411964407e-02 2.922910502955033962e-02 -1.404307125827486402e-02 1.845659348106032382e-02 -2.938871733197956360e-02 -1.817543136898347456e-02 7.552704496844775406e-02 6.512153250684971084e-02
2.476227871043690243e-02 -6.915062098022950465e-03 -9.648678015672373931e-05 3.966527215472304135e-03 -2.137140275111093501e-02 -2.715205288648192550e-02 5.448438470898153696e-03 3.145600490207556277e-02 -1.790127848346134698e-02 1.707409628977618610e-02
-2.965944100349116042e-02 -2.701508338171088042e-02 -6.871912605294205889e-02 -8.066998874517583573e-02 -8.303172873805886312e-03 -8.422304893402277060e-02 2.693506355853880763e-02 6.489528809207811832e-02 -2.373133056531262497e-02 -2.055529713902681799e-02
1.624731779386490160e-02 -5.175398069542058721e-02 -3.243555059912228700e-02 9.803399359671338686e-03 -2.283882312102836210e-02 -1.966690906454449106e-02 3.767922233980502966e-02 7.659132990399353247e-02 -5.952741541850592455e-02 -1.912524202279364260e-02
-1.864757862105559383e-01 -1.570505907119432720e-01 -1.116196255113202085e-01 -7.711511770115542230e-02 -1.849798026544080543e-01 -7.949623664246896482e-02 -1.967927219513425641e-01 -2.591769619938713021e-01 -8.738187926536156169e-02 -1.675296979904523642e-01
3.341025784459716874e-03 -2.463611811829036213e-02 -1.969481583957100046e-02 -7.596885176380130389e-03 -1.283935106792633007e-02 3.621780244123774806e-02 4.820245271118572816e-03 -3.889507455256513424e-03 -1.186437008390806014e-02 1.613214897666903624e-02
-8.978488129515405092e-03 3.696456418309956860e-03 5.196422282076618160e-03 -4.277765315801485002e-03 -1.112317119348649186e-02 -2.615771469801897453e-02 1.146093973498540919e-02 8.579988089666645834e-03 -6.867729065679561984e-03 6.007859310308560907e-05
5.979264990630106524e-02 4.971828132281252977e-03 9.679692283802943109e-03 3.846813554952754899e-02 1.497409382985370740e-03 2.655171761751962123e-02 4.110938384500961718e-02 3.624180539367483078e-02 2.254255058119269961e-03 3.963535082658564690e-02
3.381525857585110373e-03 1.401535297711831163e-02 -5.095677242128004991e-03 -3.642556110553929472e-02 -2.439860149550643342e-02 -3.156416406203099712e-02 2.571879409984134668e-02 5.526325894823180818e-02 -2.237748344739376449e-02 1.427766100538629956e-02
8.064280100444509713e-02 -7.539674820641195652e-02 -2.225587191530209452e-02 -3.297922535464703486e-02 -1.482371581297603491e-02 1.748109509481712842e-02 3.366355463679848725e-02 4.920510204228278894e-02 -4.602080618876058793e-02 3.713425433412886889e-02
-2.473459088760154856e-02 -1.362297464007777847e-02 3.297527972252911610e-03 -2.006407448021541029e-02 2.608591221785516723e-02 1.883944383490154806e-02 8.905486760774294908e-03 -2.038388646854905062e-02 1.132799782004800804e-02 8.976112140078207347e-03
-3.885825406603160559e-02 4.419685188153721356e-03 -6.695563747905808327e-03 -2.890710055207978968e-02 2.885831490253831788e-02 2.015116143557627026e-02 7.253047640283227793e-04 -2.517585567149804859e-02 2.293557816032443242e-02 -3.926541873630551294e-02
3.588404605654460511e-04 -2.817314463581865880e-02 -1.582951915958596967e-02 -5.401143715747025453e-02 3.666638021512502732e-02 1.586240722766280031e-02 -1.746144923841619345e-03 3.500370830802435052e-02 -2.565019833557435902e-02 1.621448826660820686e-02
6.953530071474922636e-03 -6.263503430071981626e-03 -4.019053051817955691e-02 -2.014662725833460399e-02 -3.429212244295953838e-02 -2.054712853507911774e-02 3.916598812067650925e-02 4.740804388041119921e-02 -3.000659119161763755e-02 3.056477212501373941e-02
6.829662317686135964e-02 -1.089914442279997786e-01 -1.025074725073786830e-01 -5.198649897161011779e-02 -8.307945773800984313e-02 -6.136814553534097882e-02 3.827750540762941966e-02 6.151026826859506969e-02 -1.629028000743835136e-01 7.328522070783494158e-02
-7.393404097679656672e-02 -2.345354471121563478e-02 -1.028755803672076752e-02 -3.076566623367948949e-02 5.220554041722813565e-02 -1.917491160017448237e-02 1.550647969347807020e-02 -7.982468310876900119e-03 4.124848482052606569e-03 -1.883474040093702229e-02
7.129926014374898813e-03 1.996706956801741484e-02 4.116886807420172545e-03 -8.351829071262972803e-03 3.562213705985417533e-02 3.437611233054338467e-02 -2.379674958355737502e-02 -7.077551304168139268e-02 4.350190790127816953e-02 2.906170709923561191e-02
-1.562447489152196667e-02 -1.918265046433553778e-03 -2.401579551661980894e-03 9.781720665911208812e-03 2.209545330851003797e-02 2.717720423660963114e-02 -3.742059492398475129e-03 -6.487578685028694281e-02 3.360466072377754632e-02 2.714068131248836835e-02
1.977623090201774403e-03 7.024847120703725523e-03 -2.205303734162278317e-03 1.684739181327121749e-02 -5.877529559200134202e-02 -4.488073654303370574e-03 7.858372422795412149e-03 1.670767118663363249e-02 1.386906728455983284e-03 1.154025214356035889e-02
2.866564147516026395e-02 1.869662018192030928e-02 3.930685938748990083e-02 8.915520919229447117e-02 -3.846350183820002044e-02 1.250201316208787716e-02 -4.542473382771738954e-02 -6.075547776755918505e-02 5.096284319869415214e-02 1.454379277773654167e-02
-7.686323210767120884e-02 -6.982015683626885405e-02 -4.462628860958606225e-02 1.844429540281478097e-02 -8.206154638363205578e-02 -6.713559834819893268e-02 -6.680939398454333045e-02 -9.562680203047868588e-02 -7.636456516780754100e-02 -6.989982442445175082e-02
-1.963773214623820706e-03 -2.210121003713005905e-02 2.237756904639454092e-03 -3.099461017845728250e-02 -7.452392228346482739e-04 1.692139174166484850e-02 2.072053452910616045e-04 -2.258588869884370354e-02 -2.722834686825503780e-02 -1.675151266722574306e-02
-5.838277410882142249e-02 -3.534058744204671143e-02 -4.017450659286847525e-02 -4.006417043475263284e-02 -2.912264238716133491e-02 -4.251516182450654213e-02 -6.174608967042072294e-02 -5.727168537446925001e-02 -4.793079802074196039e-02 -5.813365337993481319e-02
-2.477618019503324831e-02 -4.722987220650232132e-03 -1.979064767420890547e-02 -2.343802016854024117e-02 2.433402883023738639e-03 -3.568799550355716832e-02 4.044565556237778026e-03 5.077045281799641430e-03 -1.100575223440003469e-02 -2.593473643182075961e-02
2.058035708433632038e-01 2.610313021614985018e-01 1.844706637838058327e-01 2.606371307734471898e-01 1.539991572921692864e-01 1.599408096160157555e-01 9.785605386785878324e-02 5.573699272814591765e-02 2.214535461771829361e-01 1.007977090871543524e-01
-2.371422905875331111e-02 1.893831610868801363e-02 2.579418850656756135e-02 4.063597048373779330e-03 7.422941547781114480e-03 -3.447757181150201689e-03 1.425333020201247081e-02 -7.538126700650238377e-04 2.621785502312246052e-02 -1.424987597400662054e-02
1.460216272767222989e-02 -4.031011594437927670e-02 -7.384318075746509891e-02 -1.952588988720194152e-02 -6.052609697732691529e-02 -2.888087074290712764e-02 6.170511567280168030e-02 4.256631505790586800e-02 -1.288644247842540835e-02 3.917041026465994946e-02
6.614316209981163652e-02 -2.983977871693888062e-02 -6.593193705123567838e-03 2.072252897479032185e-03 -5.807245471028377182e-02 -3.321981048255828739e-02 -1.902936554527823176e-02 -5.428559884601114049e-03 -4.354302938914855758e-02 5.088207632551799975e-02
-7.604567637100290156e-02 5.369836474524714021e-03 3.773576625329511103e-03 6.257865108191040804e-03 -5.961737696352109594e-03 2.655220936488955630e-02 -5.887212871546276816e-02 -1.742920494823954058e-01 2.844410023214116734e-02 -9.923374034154441858e-02
-2.029391149682702178e-03 4.269352332811227058e-03 -1.683996576381030508e-02 -7.658063956435867681e-03 1.556940364302228375e-02 -5.357630545841374214e-03 3.737869398772630802e-02 3.107273376000740939e-02 -1.696211361055510736e-02 3.026767188748680226e-02
-9.334193631806542157e-03 1.124065685132213943e-01 1.071870339458929067e-01 6.750725862853812487e-02 4.174118060271458930e-02 8.832433125212268976e-02 -1.332050253652816707e-02 -1.066267331623809156e-01 1.200351245638238140e-01 4.314353850032270898e-02
-2.823623412484721484e-02 -3.708180969307317554e-02 -2.043928953944829097e-02 -1.526157343307854575e-03 4.710227231506980416e-02 3.487867455002335859e-02 2.512331006432511060e-02 2.701753312681098862e-02 -3.318735974231701302e-02 1.606518095600195650e-02
1.847968569961899732e-02 -6.224524237935469273e-02 -6.063278499177471303e-02 -2.455414451894100125e-02 1.145262105219124749e-02 -1.475385311354493467e-03 5.709163390905303004e-02 1.404138143865583110e-01 -1.068474586533767479e-01 3.889659274448731274e-02
1.295772857543830980e-02 1.427493934459773683e-01 1.075782892418484238e-01 7.524998868590504486e-02 9.607373604071955953e-02 8.585968313563974164e-02 -5.004117514880945805e-03 -1.433865838575165697e-02 9.912278843614430457e-02 -9.012768889850697462e-03
-3.693403847353060598e-03 1.685344269745092660e-02 2.248833748834608293e-02 3.136741506942941626e-02 -2.517780885999254537e-02 4.421121402424610380e-02 -7.508792159751198625e-02 -1.915283124407429760e-01 7.587304851206622125e-02 -2.531562280340793336e-03
3.732051962446902849e-02 3.470649212834864272e-02 6.691143939893251513e-02 -2.513580299517670369e-02 6.150061528904160468e-02 3.357827349374176151e-03 7.205933946606002394e-02 1.602489874757846433e-01 2.809999393878648277e-02 -4.765185014179940115e-02
-1.100741116334447156e-02 2.827862974202055568e-02 2.055061148851855535e-02 2.245688795250444514e-03 3.084590360619543503e-02 2.283282106116013566e-02 -3.077153092030204817e-02 -9.861161437740673108e-02 2.753823813881428606e-02 -1.690477473614748760e-02
1.231140750888570778e-02 -1.003019738652266568e-02 -3.270203934916970923e-02 -2.042546738108619309e-02 -1.357393485660818300e-02 -2.088754209803767026e-02 1.956871081868372109e-02 2.990013529499613298e-02 -3.510447232046232102e-02 9.751440501355013168e-03
-4.820194570161362435e-03 -5.553690818975542953e-02 -3.908427240972839334e-02 -3.441040727188982018e-02 4.359102925138458318e-02 3.016123121101421667e-02 1.895855554842995616e-02 5.970486446016076698e-02 -4.810314928471504103e-02 2.739727134030633948e-02
4.331047916323882419e-04 -2.606841026228856606e-02 -8.518858733887135770e-03 -1.169211012363291502e-02 -3.647212053996806702e-02 -2.134814855398048383e-02 4.740937368171582733e-02 5.222134795332955548e-02 -1.503452782379266495e-02 2.182184961639865861e-02
1.845419530108927120e-02 -5.987244131266500347e-03 -2.180737680054001260e-03 1.904823231870977907e-02 -1.205994776098684440e-02 9.904874755607195880e-03 1.663806580613780284e-02 -5.932002814255987744e-03 -2.238691698184247514e-03 1.226853857134813097e-02
-3.017655249732520417e-03 1.209301623048286700e-02 -7.174321404114891720e-03 -8.804754517425905647e-03 2.632765101639122918e-03 -2.001676486598213955e-02 8.955147379491101844e-03 1.542362816150344429e-02 -1.750010994253514696e-02 -1.159360738512660305e-02
-3.717216114171328911e-02 -8.856431770555062144e-03 5.290429036769772608e-02 5.695540290847667109e-02 2.385141156878134439e-02 9.692027370190992031e-02 -8.920137656705406926e-02 -9.836550493365603387e-02 -6.303059628677942783e-03 -9.745309739556651252e-02
-9.411272872534404144e-03 -5.833499358054439199e-04 -1.726380877910038691e-02 -2.312084686064252992e-03 -9.615583420766959932e-03 -7.058656587608069799e-03 -5.530241112098543965e-03 5.604103575111984981e-03 -2.248447137237974403e-02 -1.377059133096381061e-02
-2.925931166704920372e-03 4.839145089143848111e-03 2.660991420967206977e-02 2.841216362890719438e-02 6.109803893436627220e-03 7.883053977212117758e-03 -1.384144740208048674e-02 -4.553893945329701154e-02 1.100779450380517943e-02 -1.582142855125390213e-02
-2.574348856917962891e-02 2.014911323588108871e-02 2.198227870778679538e-02 1.859841078156687644e-02 -3.081540406553173739e-04 2.153729856992558922e-02 -8.530475057023867436e-03 -8.479286358646431765e-02 4.863582379348052598e-02 4.179661287482261400e-04
2.432651310870426187e-02 1.036207492794103402e-01 5.259426259217558908e-02 1.088705818957791394e-01 -4.048188764374316406e-02 -3.972321635079634206e-02 2.119219343875222705e-02 2.523609828016359913e-03 1.002995647378184252e-01 -1.697015211624375297e-02
-6.699659346995900933e-03 3.377781698272741551e-04 -2.017268006770489563e-02 -2.249362550523326121e-02 -5.117845849222657506e-02 -3.679813573211632161e-02 -6.266908208367905075e-02 -2.681922419848081773e-02 -1.592899436487460463e-02 -3.931180708829629111e-02
-2.701390658740443484e-02 -7.695978455426910614e-03 -1.789612595386735894e-02 -2.821283387628081840e-02 4.625694372993827130e-02 -1.523833116141076749e-02 2.080975733458778620e-02 4.967190289761092004e-02 -1.393730964047734666e-02 1.754170272263910757e-02
4.162384517872785850e-02 1.647491481802667579e-01 1.125369927842783113e-01 1.509188801547587389e-01 7.219738473559722536e-02 1.240720804530797139e-01 5.641551284426515878e-02 1.006248569978929197e-02 1.629208914024848909e-01 6.277387293059888407e-02
3.311176224825373993e-02 1.025325216754904289e-01 4.484348541746818739e-02 1.918584397677025599e-01 -8.327220925289413600e-02 1.246596629661294031e-01 -1.866450175824887481e-01 -3.876877006186294494e-01 1.505668109016014000e-01 -1.181458715348861210e-02
-2.031296178289210275e-02 -2.400431559134386106e-02 -2.401291716039029300e-02 -1.811488593818255666e-02 6.699173223773691177e-02 4.275313130064439804e-02 -1.231903864833316931e-02 -4.146904427745745636e-02 1.114965437845016893e-02 2.748143720110274302e-02
-2.855222482341224222e-02 2.364481699679821247e-02 1.443287192448078349e-02 1.818011134397545803e-02 4.188018157586448353e-02 5.107002162500240416e-02 -7.046345916628116157e-03 -9.824320758152715882e-02 5.690805565877310457e-02 1.732367043226634706e-02
-3.406953430828707496e-02 7.241550508977656619e-02 7.660598003863650085e-03 2.568340553307102425e-02 1.458925796357535276e-02 2.501005504655218203e-02 -1.488545679756736462e-02 2.249712344085175175e-02 1.444681628044364174e-02 -4.466852406151744503e-02
-1.267434048852633666e-02 2.966021284402753366e-02 1.913002689493992214e-02 9.658458638135414276e-03 7.266068679140147424e-03 2.488856131355354773e-02 -4.175172930436499286e-02 -1.013354126783401199e-01 6.781239924562276755e-02 2.959293548641994676e-03
6.971797545337388158e-03 -5.963831844074007904e-02 -1.891648170269100149e-03 -5.051560040032399002e-02 -1.649471334523688881e-02 -1.504630319146649242e-02 1.104422955803130435e-02 1.111493399966256845e-02 -3.886924839497662987e-02 -1.078030803949037164e-02
1.941092518125264732e-02 4.042007665920444026e-02 1.616439019303772540e-02 -6.352848714581149636e-02 3.856876310059131896e-02 -1.965539422509010592e-02 7.330318053872986184e-02 1.470246117162474775e-01 -5.000465991450542269e-03 1.176821978823383574e-02
-5.951748821601032802e-02 -1.684258186452503026e-02 -4.876631950109988622e-02 -5.962627197653347366e-02 -6.100665564347185210e-02 -6.215409957438389199e-02 -4.564472010289222226e-02 1.505778054273321231e-03 -2.685797674623457976e-02 -3.041713466634465846e-02
-1.845751779410864657e-02 -4.605163369015929931e-02 -5.078090397140488932e-02 -6.476756827145346840e-02 5.446872697677385133e-02 1.641253816935694942e-02 6.118548891729447270e-02 8.571308442408609451e-02 -6.490291418668547863e-02 3.724327218404432926e-02
-5.751522743469195120e-02 2.309411270278927120e-02 7.041766151704820231e-03 2.190289705044090596e-02 1.283717589538113657e-02 2.401071307250646214e-03 -1.005574227388450481e-02 -5.425907740665003587e-02 4.430060561378468265e-02 -3.934600774028496062e-02
-4.366020816447546693e-02 3.214152848155826803e-02 1.561718076013918211e-02 1.729830353074968130e-02 1.894313749406606462e-02 1.165046240307066050e-02 -3.768450441356652192e-03 -6.822494116975130751e-02 4.740660111624572792e-02 1.821406789855650743e-03
-6.754978671629441322e-03 -7.142716406348892377e-03 -2.567511739430372586e-03 1.397003451120681916e-02 -1.422267771053231655e-02 1.058363749678647991e-02 -2.891820284730162172e-02 -4.254696589095985360e-02 -4.392362326532506245e-03 -1.983013333015559709e-02
3.820502171930328927e-02 -1.608578574493080282e-02 3.915058163178386508e-02 9.595117822697218912e-02 -6.659807650362381537e-02 3.573736139005756485e-02 -3.860995738514994002e-02 -9.998826423729179069e-02 1.608545617131262873e-02 8.993642107025578980e-03
-1.182391039644414832e-02 9.259022058095833785e-02 8.367320720949855684e-02 6.759543860985051111e-02 7.911459721567570824e-02 8.644575875656990149e-02 6.221435073952985562e-02 3.391406690975351523e-02 1.013652997801104405e-01 -1.487600428832891453e-03
7.499510277194865182e-02 -9.661517066844904633e-02 -1.568260081240513415e-02 -3.432602589860689335e-02 -6.360350589087460094e-03 -2.021963495441170267e-02 1.116974916852626620e-01 2.034353429963378090e-01 -1.142620829912992519e-01 8.013261820028283466e-02
5.723157041908510934e-02 2.438025937394883158e-02 7.544067711466162507e-02 6.587395340099710950e-02 5.227895923331082884e-02 7.589588194940422028e-02 4.149815754407537582e-02 4.275331859027176051e-04 5.019365651990526089e-02 5.077946137032984808e-02
7.537518846137913897e-02 -5.991868686997214866e-02 -7.594923234459072248e-02 -5.892348974590172483e-02 -2.471400531693657143e-02 -2.783068802531074581e-02 3.583877280583980252e-02 1.222148514293559529e-01 -1.262191191896091524e-01 6.652695985785417321e-02
-5.072953254641632270e-03 1.369040224190598565e-03 5.963442779262528859e-03 7.588776456580514918e-03 -5.257797111674733515e-03 -1.609009748037415477e-02 -6.815073847259434103e-03 1.315285647269259783e-02 -5.587029470923710051e-03 -2.830666029835349207e-02
-5.486562641817904762e-03 -6.782488841887257536e-03 -1.757267800981932027e-02 -2.436521879983244432e-02 9.002898244911961001e-03 -1.565583094452982493e-02 1.157363190272864273e-02 3.871993680731167231e-02 -2.174921700889909104e-02 6.172484558477187022e-03
5.600756881381840913e-03 2.483158615295089078e-02 2.699227019298700014e-02 5.138918692482974393e-02 1.572625228146229404e-02 5.269241704655236447e-02 -6.632987090206654557e-03 -7.911800720622297334e-02 4.303439130860686745e-02 3.527994987207350164e-03
5.357469417461668826e-02 -8.256327721642975348e-03 -1.644278577588309531e-03 9.334559425841604252e-03 -4.191511071157449919e-02 4.362221276411837323e-03 -1.005275033459618328e-02 1.627485737769074348e-02 -1.458876627451477503e-02 1.401368569402539066e-02
-6.627615963093802520e-03 -4.437653622386861230e-02 -3.280116663176069203e-02 -3.056827693771424492e-02 3.013849611266161688e-02 1.846675086890015027e-02 4.197810082822162059e-02 6.846808615632093975e-02 -4.336870569096795691e-02 3.392360007961614521e-02
1.461201654947164030e-02 6.711783866145903943e-03 3.825290912059564619e-02 4.429130713083928583e-02 -3.864912189431635170e-03 4.295819624387853253e-02 -1.077108286598171816e-02 -5.713111489246180952e-02 1.166611052079247202e-02 -2.594889688151447160e-02
9.314270488406739545e-02 -5.137126186657337001e-02 1.914414659472285507e-03 6.422754778432127054e-02 -6.119190478926639365e-02 8.425923147824887494e-02 4.019275010384326663e-02 -2.266830377394501994e-02 1.093692494503795132e-02 2.779484494335049405e-02
2.311509801705202705e-02 -1.459610281700030043e-02 6.125574784668685879e-03 6.580095815570174977e-03 -1.140496797552792430e-02 -6.463385071255434156e-03 9.720808590795826376e-03 4.848929571318283394e-02 -2.638231050934969346e-02 -8.767982619634295816e-03
-3.060170987214849703e-02 3.050694655818197987e-03 -1.006075647454052202e-02 -4.207601784857795124e-03 4.292872389578761272e-02 4.999540659622336847e-02 -5.773042721317622750e-03 -8.493683136987772997e-02 3.876862672607739313e-02 2.336987622765551720e-02
-1.608987818357388022e-03 -4.223512288998954034e-02 -1.491724318914133818e-02 -1.096000834670718405e-02 3.206937330822690058e-02 5.176851469262278016e-02 -4.829848004277437212e-04 -3.348945178066298212e-02 -1.507154153351830672e-02 2.606715278283733284e-02
3.105268222876134132e-02 -3.355151922939825226e-02 -3.483068847921266808e-03 1.432385871348795803e-02 -4.390693531830702767e-02 -2.069852219141132821e-02 1.278410941315222260e-02 1.377546624544478959e-02 -2.005145314415113234e-02 1.904962590560144164e-02
-2.546561918099943256e-02 1.340459346060818291e-02 5.429241246512672703e-03 1.852281545120337825e-02 2.121344462083385451e-02 5.616270896897423981e-02 -3.553147037724357915e-03 -1.074229529229393520e-01 5.291064545516910300e-02 2.774827390155110152e-02
2.210721384756553221e-02 -1.485505621226685946e-01 -1.537267831627620041e-01 -1.680317001678350852e-01 -2.219783309367340252e-01 -1.411533167492677876e-01 -2.090530177502003539e-02 4.828123747781098984e-02 -2.084991850879496234e-01 2.936751309994001247e-02
-1.098802750364757941e-02 8.797818493803788442e-03 -1.323511742322480700e-03 -4.757648511417489345e-02 -5.531446402526007944e-03 -3.478909294288445864e-02 -1.178655475557910393e-02 2.051590368654299112e-02 3.472599943298959602e-03 -3.342207639949501541e-02
1.140664639816613146e-02 -3.327943017099865841e-02 2.665938162071945783e-02 -7.750999698551197525e-03 1.356616958603140688e-02 2.081054287698869132e-02 -2.273078938047046194e-02 1.196166129042186554e-02 -4.702957866853907376e-02 -3.711702611083644854e-02
1.285248986114995162e-01 6.564937770361467528e-02 7.821931188734776441e-02 5.749243398923553627e-02 2.711524537682574731e-02 -4.821628926058529885e-03 7.518596480467198973e-02 1.110015907160484261e-01 7.483926384226258222e-02 1.003148267719753406e-01
1.592427332535475415e-01 2.318688554642100996e-02 4.124720658050229360e-02 -9.895342445228738626e-02 4.445581025930822605e-02 -1.015714091537844865e-02 1.616740769550055745e-01 2.203440271146455132e-01 -1.267628990397101640e-02 1.186679552621607847e-01
-2.722418940902660012e-02 -1.874474872381348689e-02 -7.028155289110493698e-03 -3.930116236411418384e-02 4.648415548347895054e-02 -8.059219837066367020e-03 2.538321008932875600e-02 1.514040936953531258e-02 3.153566712162048091e-03 1.080147036619649725e-02
-3.610989604121428442e-03 2.588869760112455509e-02 4.491971246703307941e-03 -1.472331350384070703e-02 1.617927695114396158e-02 4.366509216432756801e-02 -4.800082329169530482e-02 -1.745223359587999568e-02 -2.946747748112255039e-02 -2.175850690093561468e-02
-7.911720893861744486e-01 -9.763997806749022956e-01 -6.026824571786706386e-01 -8.542047419993119561e-01 -9.467657217477323250e-01 -7.434286535667888884e-01 -8.424497608979262253e-01 -5.150333616582218887e-01 -8.555221376148718360e-01 -9.796382421272480379e-01
1.915285803832489364e-03 1.429124114800028877e-02 3.421427267957355411e-03 -1.476228865272766200e-02 2.569593108533219095e-03 6.852773338797746305e-03 3.992595561700618134e-03 2.112682686570721557e-02 2.573517654098189666e-02 -1.727134136624197680e-02
4.821533712490566614e-02 1.602449320360044283e-02 1.895662785425855645e-03 3.100950933561374967e-02 -2.800652350147325720e-02 7.905688982078551419e-03 2.141979595711962503e-02 4.378715471354222011e-02 -4.665619208223859005e-02 7.534137650281991228e-02
8.376887657194398429e-02 5.199189018044236832e-02 5.876901709545023778e-02 3.027687269156054128e-02 2.529528814034165407e-02 3.924381605155957686e-02 6.647810313573332408e-02 6.765690101055632510e-02 4.122601881927057121e-02 6.998738203724919060e-02
2.723321165653125320e-02 4.998037654774378780e-02 2.329240825604639298e-02 2.830186838566728369e-02 4.750922632172915883e-02 3.211122122803811152e-02 1.897291342932749814e-02 2.910504027605753663e-02 3.175402231491730731e-02 6.830872348499994473e-03
8.726108401928245328e-02 -4.718583017791200263e-02 -3.901188199821348235e-02 8.831771375735630869e-02 -2.019571724747581953e-02 3.749801532140750737e-02 -1.837484157096813675e-02 -9.776075983060683594e-02 -8.907931926532164368e-03 5.945321306226070135e-02
-1.227188788716038204e-02 9.761819811067606878e-03 -1.387387162956965625e-02 -2.033959528021078711e-02 -2.267136640747047238e-02 4.881539530927625492e-03 -2.309547598980188354e-02 -1.450313867134944701e-02 -7.254664314007008841e-03 -2.423474113436263622e-02
2.107124617504574360e-02 4.892229992705576791e-02 -2.333320994433396578e-02 -2.694805853322002065e-02 1.443813408862482106e-02 -3.595532066680018346e-02 3.514833327065147728e-03 2.988872811652232286e-02 2.453563490788912560e-02 2.133695418638748009e-02
1.447613471601938429e-01 3.538987655453579295e-02 1.139775994986500507e-01 8.349487142033851228e-02 -2.276197165847282378e-02 1.348296460661835283e-01 1.411232140271971858e-01 9.014914642206228734e-02 8.502664701093909372e-02 1.461469580751018071e-01
1.715957260665579298e-02 5.250231138052008362e-03 1.714448356278897023e-02 1.562830403376880284e-02 -1.278012359994473712e-02 -1.455672925212736502e-02 -1.016980050906912680e-02 -3.376058334576637066e-02 -1.397373964278969538e-03 3.466935008712646038e-03
-5.339250927853367301e-03 1.684476785163724344e-02 1.298971944029470027e-02 1.711227989555297313e-02 8.847323675916562991e-03 1.102671572528124422e-02 -1.631906896701096343e-02 -5.268889292621503628e-02 3.363939040613095344e-02 1.440485615020747900e-04
-4.830293516457473402e-03 2.118480826535318329e-03 2.875073886524370792e-02 8.772359678870156330e-02 -4.614203695652197013e-02 4.320831959104243225e-02 -5.156881584200245783e-03 -5.353728251512235303e-02 3.560231975177252650e-02 7.397214381966499275e-03
-5.709914176015340459e-02 -8.289833568984317225e-02 -4.117564253547811859e-02 3.299444676788132469e-02 -9.891815923511604325e-02 -4.172109735657958396e-02 -1.535360348168506306e-01 -1.573523684842323966e-01 -5.069016158298422781e-02 -1.048420739012758673e-01
8.417916722383189665e-02 4.425212282380086570e-02 5.916594676397934904e-03 -4.439869380619851369e-02 6.437706200660020528e-02 3.943300339733735171e-02 1.554331782940079343e-01 1.567611506984749603e-01 5.008511438476670463e-02 1.019312428809175941e-01
-4.939279725339140725e-03 -1.476991681767092501e-02 6.586634732702378869e-03 2.712272392762749007e-02 -3.023728014310300694e-02 1.466430539980434489e-02 -3.158583781093682319e-02 -5.476407041058628522e-02 -7.956224122392718812e-03 -4.544929963997912381e-02
-7.222434959281187616e-02 2.352103950342376848e-02 2.160463759363562275e-02 3.129044490858401417e-02 1.034530492245799849e-02 -1.291518953498282940e-02 1.046504651798940699e-02 1.613216598228994769e-03 2.831372189234038217e-02 -4.200422361947442340e-02
4.322878558353338008e-03 -7.054027477567004212e-02 -2.405094381612826737e-02 -9.344565849345620734e-03 -4.297823226953889630e-02 -8.681211113009013047e-03 -2.408633341532251393e-02 -7.759942708357581154e-02 -4.252554042644840493e-02 4.704155584414682068e-02
5.373120417102938973e-02 8.120149651135477598e-02 7.285552493574520838e-02 -4.632729777456479070e-02 8.148076346109212054e-02 5.698539732749630105e-02 1.124215773678480801e-01 1.188301072161497274e-01 1.201461735538376097e-01 4.628805222331866531e-02
5.041811059175671517e-03 9.856805953778025042e-03 4.429357821743140633e-03 -3.676382093236796322e-02 4.059280531806486181e-02 -7.897568984276404080e-03 -3.229237612695623483e-02 -4.100015406300627774e-02 1.251135342270615070e-03 -4.050293691369333260e-03
8.841131618211406362e-02 6.413840537742210302e-02 3.902070158721748783e-02 3.469746322429578811e-02 2.828740773852977952e-02 5.518871539418768180e-03 8.293116583935145059e-02 9.987768447017142392e-02 1.655439871680375319e-02 5.832973462674329035e-02
1.349530136604037978e-01 -1.587964040816558509e-02 6.432206626082948020e-02 -1.698932599447644520e-03 4.420430163852806515e-02 3.554913179656082889e-02 1.322731784399873156e-01 2.174872045846631963e-01 6.227502848247468137e-03 1.195763321279924574e-01
3.551091720847843192e-02 -3.285231567863977631e-02 -1.189684853633110606e-02 -4.055915186401382044e-02 3.245208220627532336e-02 2.362517869263403014e-02 2.941117865846365476e-02 4.781178981870093381e-02 -2.159234373296348153e-02 4.782440472582116797e-02
1.694337349179519947e-02 -2.292843839051794674e-02 7.693714781678018255e-04 -1.109631447674646054e-01 2.035650296163460382e-02 -1.855222032244530084e-02 4.617282842179015745e-02 9.068267494644466353e-02 -1.896339975995697813e-02 5.153130803751793110e-03
2.307183053947170492e-03 3.282709603253941566e-04 -1.583123563577260029e-03 -4.049884540435666480e-02 3.916199768237493828e-02 5.584782383579955933e-03 -3.686860670945968366e-02 -7.882437156559785052e-02 1.111601745314594325e-02 -1.086083019211869782e-02
1.793397645940064677e-02 -3.025212779086938752e-02 -1.175436671724128246e-02 -2.693824221962870524e-02 1.513556472748600612e-02 2.233333096004647134e-02 1.916108325241694388e-03 -2.069839667715900333e-02 -1.413278456371314107e-02 3.287942992313386270e-02
-3.894240995466091704e-03 -1.209722441298044515e-02 5.391387013985671217e-03 -3.945279322915506981e-02 3.896818977290461561e-02 -1.094652123617567696e-02 -4.690195965879162543e-03 1.399385954043985691e-03 1.146080398387283594e-02 5.031331344353517920e-03
1.069601186518855940e-01 4.444063426598621191e-02 6.084263495585595649e-02 -8.737466342542354880e-03 1.104951012473485150e-01 6.874774223311286292e-02 1.211255444600976006e-01 1.796455288564762220e-01 3.373354356833546674e-02 8.180632489293948595e-02
3.232515125132806588e-02 1.185054305422461596e-02 1.982513681511299808e-02 3.372548796968910523e-02 1.344099491839667593e-02 3.588610080608134467e-02 5.527260580455717331e-04 -8.435278470636298209e-03 6.031150817782382489e-03 1.537185568852184048e-02
2.459264529558913281e-02 2.104826543033500030e-02 2.333153504112051024e-02 4.369635902174717756e-02 -1.389276290082319676e-02 1.901708695123538462e-02 -5.494236439933075644e-03 -3.513959165302527055e-02 3.397881960246440514e-02 1.525003339375352596e-02
5.489313662551431605e-02 1.294347305673682058e-02 -2.631281194764412135e-03 1.749595358773792242e-02 2.502631794568088708e-02 -7.570080821050595432e-03 4.922598293956959026e-02 1.022934879381205420e-01 -2.195821958521371187e-02 4.942790695139276380e-02
-5.727199903782675960e-03 2.447526730392723948e-03 2.328216661654547437e-02 5.179255377238267677e-02 -2.525719641471901866e-02 3.204882969007449844e-02 -3.114376436140409155e-02 -9.285485199691967395e-02 2.434268460716193516e-02 -1.396494851601159937e-02
-3.890352584078970999e-02 -3.130712615127162479e-02 4.197996574953855031e-02 9.748683802039970203e-03 -2.026286877594962732e-02 3.462353426155750924e-03 -3.251219826539841762e-02 -9.473691406656481462e-02 6.526544804218659124e-03 -6.936251205257093488e-02
-1.250361149434553454e-03 3.640377889492185659e-02 -4.503021635803960976e-03 -5.349535338336597334e-02 5.789134019405661746e-02 -3.135503971142128421e-02 5.929124046234868217e-02 7.121866675010668501e-02 1.853770494154360904e-03 1.541765031362007932e-02
1.709458513438786298e-01 9.405993915773380731e-02 7.401613207137636152e-02 9.960871357879952370e-02 1.080612912518237323e-01 8.625482728021260925e-02 1.521915318596835931e-01 2.073163025586755026e-01 1.106897448749943891e-01 1.768158995569812930e-01
1.582014961698900990e-01 1.035893073170504053e-01 8.300633752951203093e-02 8.210179833488062684e-02 7.879769175571715856e-02 1.106028660589988277e-01 1.012267421317867289e-01 1.235199094421952637e-01 7.629414035266535166e-02 9.885594577689182927e-02
-2.559254296278492546e-01 -1.139164390747020583e-01 -1.297190089257389545e-01 -1.301368873287378491e-01 -1.185008867988166514e-01 -1.287871061356389291e-01 -1.911861389803686251e-01 -2.131979659529958937e-01 -9.164609889133679133e-02 -2.090425615037458940e-01
1.084749245469396328e-02 5.027132869417494376e-02 -5.186067371178104679e-03 7.990002555457476063e-02 -3.457565783917448954e-02 5.700121491130705209e-02 -9.464392221450346199e-02 -9.327776303115697942e-02 4.464671665394881472e-03 4.676042999344787177e-02
7.601644056397738325e-03 -2.038777360348342782e-02 -5.234222673819566296e-03 3.473259075943069263e-02 -3.851951539967224392e-02 -1.660166243967520217e-02 -5.626279883502949275e-02 -9.903598374476807464e-02 -1.551167069983083735e-02 -2.191688894719590053e-02
2.306037324005849598e-02 -1.879523243758018936e-02 -1.087480423721820522e-02 -4.153387615503678632e-02 -1.794058951070987007e-02 -2.972142795411647498e-02 2.059383392582248007e-02 5.053437424948015178e-02 -2.419165101293252462e-03 -2.992342049262219916e-02
-1.961928737200491213e-02 1.392178070445915239e-02 5.910148557177752338e-03 -5.981686182140677488e-03 4.428997898870079553e-03 -3.912393783030987393e-03 -1.597542244867522498e-02 -4.984181351994099174e-02 2.555841187028473627e-02 -5.904847343317420894e-03
-2.329068126055489074e-03 -1.098206956622682640e-02 -2.944205619916928640e-04 6.686849743222822440e-02 -1.164917280016855017e-01 -7.826519939089937594e-02 -1.063513749719753321e-01 -1.439223849975359570e-01 -8.868585341069490369e-03 -5.938722645368121889e-02
5.703335757446659215e-02 1.669570040742680561e-01 5.968485043046589666e-02 1.453039322878268980e-02 1.657404947073835011e-01 3.501584510547317564e-02 9.784160356700422057e-02 1.407097036230527953e-01 1.115954378326513563e-01 5.973658439606932546e-02
4.359002753005203346e-02 1.340147196981789079e-02 -9.442410625302599669e-03 -2.313095181883462192e-02 -3.819518388437082024e-02 -5.395247361941546416e-02 6.261434443324276344e-03 9.760065037329956894e-02 -4.248369290018283451e-02 7.640019203289050154e-03
-1.729733845927672320e-02 -2.781071671860857464e-02 -2.810386684282661918e-02 -8.135755289091850528e-02 -3.487468603360888153e-02 -6.746684161262717083e-02 -1.614326126611764778e-02 7.043245303919309919e-03 3.046860588287181315e-04 -1.926463126153654670e-02
-2.758924955101971221e-02 2.729226027465259108e-02 2.586469802894875158e-02 3.661123811925470761e-02 1.445598727336516731e-04 8.911187892748806405e-03 -1.882564590778201818e-02 -3.985916341233863847e-02 2.928061386134483968e-02 -3.939699221933334883e-02
-1.430213447504957713e-02 -1.164117466523073574e-02 -3.510199093121668668e-02 -2.874064966589173764e-02 -3.840643102260621333e-02 -1.456938977757804565e-02 -2.588871608399223589e-02 -2.058688854451773409e-02 -9.640607717685156786e-03 -4.818171613105270978e-03
6.425972399743162811e-02 -9.510489687060807995e-03 -2.463083305816127222e-02 2.675297259539100025e-02 -4.211216545641383036e-02 -3.014385785072182244e-02 5.341817663768022584e-02 5.659183372901299691e-02 -2.732269059646430520e-02 4.618436559397132157e-02
-5.096174781518980623e-02 3.348966807422026903e-02 3.049163799261922492e-02 1.936388589837179097e-02 4.004243916437655315e-02 9.143781943894424558e-04 -1.694385861342340149e-02 -9.918497070782450464e-02 5.062828355357962273e-02 -1.523695548076098305e-02
-2.943846236687219786e-02 3.521463322009399377e-02 8.036890522874928777e-03 -4.585951594855863789e-03 3.781621947571167652e-02 -4.851801449498260865e-03 -2.787054827550461411e-02 -6.533732587875595854e-02 5.910029789347914786e-02 9.068370822229887551e-03
9.851034262802649266e-02 8.403114530073274580e-02 -4.336208739603719664e-03 -2.645038796525511771e-02 1.021144056434142300e-01 2.605201752488528477e-02 1.030975349583975742e-01 2.225229086402511491e-01 3.089647313912813331e-03 4.272961591888879695e-02
8.452431403356719386e-03 1.350274209378987678e-02 3.911112028517571559e-03 -3.250079663592142509e-03 1.405809939739377512e-03 -3.067011979312717074e-02 4.026203202519340607e-03 2.651390702421485557e-02 -3.068624446733725364e-03 -9.449946271899545280e-03
-2.219400360474388378e-02 -1.053307394196787428e-01 -8.542789527113114900e-02 -1.064993742480746519e-01 -7.852905234648410726e-02 -7.347516193602565693e-02 -4.964182899681324201e-02 -1.865811605796707795e-02 -1.045339738591639644e-01 -5.415477712741445515e-02
2.038949449232445588e-01 1.256890755384452163e-01 1.467824614782688997e-01 4.588511032540676382e-02 2.119961778195964541e-01 1.546625746044938410e-01 1.413264239833136315e-01 3.114619317643407825e-01 6.804110107014871289e-02 1.750097970771697931e-01
-1.017282296850974266e-02 5.356817813785319515e-02 9.353344863899337724e-02 1.269742542527776408e-01 6.899215017372029024e-02 1.103693980421631693e-01 8.554163917255941385e-04 -1.021671543448450237e-01 1.003888604325564593e-01 -2.874831715234948959e-02
1.107087766377023996e-02 -4.451939314943009762e-02 -2.547185876681634653e-02 -2.192677050426627972e-02 -7.105830146492397859e-02 -5.076883023463008016e-02 -1.104136556388102264e-02 2.281194189874380385e-02 -4.416861888865675212e-02 -2.718345265657173826e-02
1.743790290204083604e-01 1.549213969349150233e-01 1.961910196039573506e-01 6.819991268533653894e-02 2.033125895012677375e-01 5.577247868532619890e-02 2.144255985481535731e-01 2.813838328643951670e-01 1.447628960435971557e-01 9.840616735027474249e-02
2.135899636927973688e-02 2.908755495546699876e-03 4.733014537844582037e-03 1.280896583339607986e-02 -2.593550441488012837e-03 -2.822916705588873754e-03 -5.159997239943869829e-03 1.327695374674409123e-02 2.461366702383394056e-03 1.319709890900444549e-02
-1.270615790850548876e-02 3.117197780236580229e-02 2.445353949845952002e-02 2.551202746355496487e-02 -1.351630627846311938e-02 -1.737809762879827247e-02 -9.652970418032147393e-03 -1.296983167563015016e-02 1.951510283864577033e-02 -3.624486034989171657e-02
2.292496768651863803e-01 8.634305208987136382e-02 2.445211121000134824e-02 7.676203442546292166e-02 7.863849584670723480e-02 8.457759481389182099e-02 1.884933513194368970e-01 2.200953939056375930e-01 2.818588227328966411e-02 2.607223912226910301e-01
-2.293516318336230597e-02 1.660205985588536493e-02 1.075476209242220982e-02 -1.716525384325429116e-02 6.109724307803521270e-02 1.599046221415356683e-02 -2.937909554793627365e-02 -9.132260476836595586e-02 5.809741528449219317e-02 2.962731678584162864e-02
-5.516698315987600409e-02 1.465480879265257386e-02 2.535946673289313225e-02 1.132626337684961015e-03 3.816295550357118316e-02 7.826545312217048078e-03 -1.139044231079200387e-02 -7.780530599187018836e-02 4.344175890608559243e-02 -1.838700537937176804e-02
-8.988992494375125375e-03 -1.881517319814562939e-02 1.186714887297712906e-02 -1.667639941246790158e-02 -7.081263521255820592e-03 -4.321294900392569360e-03 2.439882933702186563e-02 5.204680871578615253e-02 -2.798867784198355579e-02 -1.604607584049588809e-02
-4.562912267692187385e-02 -3.126726445215988193e-02 -3.713123025598275007e-02 -3.415490609282123557e-02 -4.208242153181185330e-02 -3.404594141871442048e-03 -5.041332993826408426e-02 -7.744455561092422613e-02 -3.434440780464953491e-02 -4.305399649416585817e-02
6.258758076206838439e-02 5.198005641064185056e-02 4.080695160432057378e-02 -4.962444062882021001e-02 1.226352950529721042e-01 7.930727749757071621e-02 1.644196508178716876e-01 1.981240021606831547e-01 6.706598075076719567e-02 9.363827436889060607e-02
2.302170562917815744e-03 2.504731396564441326e-02 5.300682411852442044e-03 6.566739411482558353e-03 1.308160524989965268e-02 1.872891160597278670e-02 6.764745612539257991e-03 7.611144711806794305e-03 2.493975036256634858e-02 -1.627437144569032768e-02
9.117927875198716947e-03 -1.056626737002996919e-02 1.949981519531207574e-02 -1.918865791804336141e-03 -1.706067284598056233e-02 1.580463464135606344e-02 2.901448957909025239e-02 3.532237239557645125e-03 2.635151944878622032e-02 -3.000758737345243787e-02
1.569786064606670806e-02 -5.754137188376695633e-03 -5.464484308426165171e-03 -5.870742837118303470e-02 -3.969742847012014408e-03 -2.203653008923645018e-02 3.924438734685153918e-02 9.115231421592095984e-02 -1.604671211207309156e-02 1.128143039301221506e-02
-7.483745896794680164e-03 -4.183521141184698422e-02 -5.844455587523489370e-02 -4.125896116745408904e-03 -7.867903936627929085e-02 -8.521901051457803078e-02 -8.620653185279048003e-02 -9.104923724145130848e-02 -5.090024601766529599e-02 -1.436430614243366932e-02
6.158206780051855844e-02 1.060382893672575655e-01 7.610958674774792598e-02 5.869228647597513060e-02 6.895090816417415169e-02 8.010036338740622597e-02 4.878977373029202980e-02 3.760168710785549706e-02 9.077898248946425497e-02 3.666937524686098016e-02
2.068097431353619342e-01 1.615526337209516328e-01 1.631046400632483184e-01 2.368888927401338051e-01 1.510159632033643007e-01 1.925852278192188294e-01 9.981674942224927349e-02 7.476739499583118231e-02 1.839153649963014558e-01 8.185398133810739552e-02
-1.838303850073907952e-01 -1.588743894022073277e-01 -1.260646338322803928e-01 -1.537656254609816031e-01 -1.269515290889380310e-01 -1.543966745846878652e-01 -2.119393506890538958e-01 -1.361441927685840270e-01 -1.383981766428687976e-01 -1.543881662766017904e-01
-1.318927182059859149e-02 -1.108627818176532998e-02 7.581117680964588601e-03 -6.065687655007145906e-03 -1.858096860589331101e-02 -2.271654128696098951e-02 5.404747092616624116e-03 2.623871656968645993e-03 -1.222705927660339142e-02 -3.359358044716209690e-02
-1.614209473897547653e-01 -1.806486497998509577e-01 -1.657938233221969426e-01 -1.505790285384716043e-01 -1.725812143179465963e-01 -1.588506966122320563e-01 -1.702320099975089818e-01 -1.290787059164397732e-01 -1.518421161587895085e-01 -1.327376125724581968e-01
-1.101609889986541191e-01 -9.717920286215964154e-02 -9.736975519241219956e-02 -4.166550597467821859e-02 -6.739591639671260737e-02 -7.900351277807882155e-02 -1.235323132649286393e-01 -9.741025721823071137e-02 -6.651118100229691521e-02 -9.420173288748023843e-02
2.127372970416629983e-02 -4.110644005240082777e-02 1.023959289660592020e-03 -5.307846280078987178e-02 1.186120374174493008e-02 -2.575699915360352144e-02 5.212160488646899736e-02 1.093679687843751580e-01 -3.397907197517646694e-02 1.272348076974516573e-02
4.580556500725219138e-02 -2.707721643378047105e-02 -1.446493921725355847e-02 -4.877705808501264784e-02 4.395267778567024664e-03 -1.891521410146879134e-02 8.131986789151568473e-02 7.322709149349204694e-02 -1.259928313260072485e-02 8.761624749633512010e-02
-1.268918571507082760e-02 -1.174119968653020152e-02 -3.447973552886729465e-03 -3.767742046028033087e-04 -3.038025001063182629e-02 -3.163556410086254544e-02 1.641446375924004997e-03 -6.481598576437264114e-03 1.445921789621884557e-02 5.569769916269784460e-03
-8.144234513653536567e-03 2.311414044793114186e-02 1.779730653551048203e-02 5.957600517123862183e-02 -3.551093993971665697e-02 5.227904471392319508e-02 -2.139934585838254577e-02 -1.271950497080529541e-01 5.310260899552021741e-02 8.334634651605554723e-03
-6.620441235472895869e-03 3.769119474861515329e-02 1.792753357567011818e-02 3.916459799874427716e-02 1.049171827931694168e-02 1.957546903299522967e-03 1.137508417876986755e-02 -1.757935413134958935e-03 3.248381737989713969e-02 1.475181413410631137e-03
-2.898357451508015714e-03 -1.080942720987554395e-02 -5.444803373967577187e-03 -8.754513200017743912e-03 1.676615542513992807e-02 1.152423843782757196e-02 1.535611316983143126e-02 -2.679762562768583933e-03 2.989860037230007705e-03 1.347372820016756734e-02
-2.154504538279677917e-02 -1.883085357315916752e-02 -7.837453126814164506e-03 -8.359718490630996257e-03 1.573398341810694490e-02 1.470256764964350538e-02 1.535114200428466802e-02 -4.600332033388720987e-03 -1.028057912787794237e-02 2.014593661488106591e-02
2.780309248545007605e-01 2.458354106798905647e-01 2.333024072855041098e-01 1.893034201512122650e-01 2.409156157213336868e-01 1.688864812274797345e-01 2.814876845273364125e-01 3.033756731314083410e-01 2.024957562902893748e-01 2.186925825231469389e-01
-3.968071277891027648e-02 4.737882838518547857e-02 5.275413377191284781e-03 4.670765258733577951e-02 1.176215397200586210e-02 3.246375495325892757e-02 -7.446773389017735667e-02 -1.417791799558294485e-01 5.740543848781776148e-02 -2.692370560412449265e-02
-6.173608427258159281e-02 -1.251991198933231075e-01 -9.811015068038830833e-02 -1.500090302831544875e-01 -5.559069100983649037e-02 -7.740852263029474045e-02 -6.715296943528414886e-02 4.718630455363026499e-03 -1.931560618738039636e-01 -1.174480184105499703e-01
6.636021397250502218e-03 1.903666368486955918e-02 3.951574728951268156e-02 1.355635114608628733e-01 -1.720214201397585185e-02 3.453875601477163215e-02 -1.912009709096018639e-02 -8.710820986362832752e-02 2.261146042866357675e-02 5.629815720229025544e-03
-2.334132638779795599e-03 -1.596491702032132309e-03 3.127787300124440506e-02 3.205984733228017802e-02 -1.521905183316363264e-02 5.009883756998068094e-03 -1.822092538128172734e-02 -2.845925549277250610e-02 4.752444419553469857e-04 -3.634281455749732714e-02
7.757348824343601734e-02 7.744970649145521691e-02 5.861607994840234426e-02 5.573986943105957437e-02 5.071368257657304923e-02 6.350941460593517718e-02 4.084651842638065133e-02 7.313589770443051918e-02 5.635939975167048033e-02 4.574166598302920050e-02
5.514496709467975322e-02 1.005228474854247267e-01 6.739937231480341850e-02 8.782258636309592248e-02 -1.046037237720121027e-02 -1.246543936094113292e-02 -2.688872580697765358e-02 -3.563341243074980014e-02 9.512061596722443113e-02 2.268194392859784747e-02
1.936164494774979955e-02 -3.681191239632441992e-02 6.084081179653200167e-02 7.383861358333909664e-02 3.084716249924124298e-02 4.433938678453230864e-02 2.053193735455227653e-02 5.391043945965989792e-02 -1.983389612461472495e-02 -4.506522158344239415e-02
-2.532797262629760127e-01 -3.200867674450904588e-01 -2.409470408842135924e-01 -3.067028656067467551e-01 -3.066268109548460075e-01 -2.853378118609875003e-01 -2.811425294010101439e-01 -2.253291777798187567e-01 -2.860067516491504591e-01 -2.177536436375469009e-01
6.591118064571332980e-02 9.630307241847813060e-02 4.822608378407267082e-02 1.011578701981399320e-01 3.174676592840430800e-02 5.756721101887674052e-02 -2.810854641468019111e-02 -5.584944751302245436e-02 1.088099540264315657e-01 -5.548963382503657726e-03
-2.520936251836136677e-02 -8.834561586210654127e-04 1.501128771398185791e-03 2.569543613992308906e-02 1.268492406257237803e-02 -4.644352315245292573e-03 5.231332019399737021e-03 -3.551583337848729371e-02 1.126930547236604241e-02 -1.641853941875037748e-02
-9.092259116077805459e-03 -8.582781076901468964e-03 1.991227819327962001e-02 -8.979941924787127050e-04 2.392487473508086993e-02 1.486484604619553451e-02 -8.133348842016108193e-03 -2.816867937542921752e-02 1.063592178300032387e-02 -1.368041686153453895e-03
4.343506210057412886e-03 5.782856152481663514e-02 2.588159453936356158e-02 4.188320968588055138e-02 5.704676140056808009e-02 5.606620274247298141e-02 2.105704024311094713e-02 5.406351553933319565e-03 4.632858309854182011e-02 -2.244623667689094049e-02
7.079292016682892097e-03 9.806126577767138031e-03 5.381726294054089976e-03 1.176551435482231511e-02 -1.530985031023712750e-02 -5.263954703578654915e-03 1.162678704654229733e-02 8.046866868770763404e-03 6.120887057268653564e-03 -1.588921972523582582e-03
-1.599108452232247402e-01 -9.692424329950322104e-02 -8.971446529772553191e-02 -9.053310475930054224e-02 -1.227611138120634493e-01 -1.096453112255373341e-01 -1.389804260425053783e-01 -1.218174252403265712e-01 -1.073210569156817229e-01 -1.362955970948798168e-01
-3.220160362999013870e-02 -3.857658053455814695e-02 -1.768059302003521793e-03 9.516951754049429724e-03 -7.357392390644790225e-02 -2.664710763984468045e-02 -3.708392541697769218e-02 -8.169563248542388578e-02 -3.208036017605220280e-02 -2.783466022243441529e-02
-1.147543567289766031e-02 6.030592430402936799e-02 1.644272086418485657e-02 1.458520954060027464e-02 1.049525620152369498e-02 2.730123268014583715e-03 -3.005690097200286459e-02 -9.292396946687553339e-02 7.382656641645146678e-02 1.915526345811269238e-02
8.636008406951400929e-02 6.784353193734871112e-02 -7.389421920815308908e-02 -7.592418138818679552e-02 9.551193989025108522e-02 4.589068444764166088e-02 1.754315710434948272e-01 2.482806487145596819e-01 -7.298425012681342139e-02 1.482187901613822856e-01
2.456323373839977009e-01 1.086845883800702239e-03 -4.384858505444455545e-02 -3.027220934512087069e-02 9.833824076556751947e-03 1.032773280011234363e-02 2.033657165473536921e-01 3.198860805177563549e-01 -9.011280947461075552e-02 2.053061527708059941e-01
-1.229984693727459444e-02 3.813129311244445319e-03 -6.041149221986341633e-03 -1.003862096042418273e-02 1.338861067418051221e-02 2.374754955717039984e-03 9.248824157689128356e-03 1.388488269852250490e-02 -6.788687483778588216e-04 -3.623311044541312198e-03
-1.903584690513770994e-02 -3.208463984833276328e-02 -1.384029780168394286e-02 -3.617675868550751517e-02 9.053037301140598458e-03 1.263282906399731953e-02 2.933751726824596062e-02 3.290247404118584740e-02 -2.558172623246735000e-02 1.047049279186396120e-02
2.177378432931131869e-02 -1.654937102516118586e-02 -4.917108853434992710e-02 -3.170454520450327607e-02 -6.834477807262206994e-02 -1.406970142171104499e-02 -7.395279015749878226e-03 1.749360110146547242e-02 -5.012621803129846398e-02 1.863293463134230166e-02
-1.487547715498660494e-02 -2.429826500857323879e-02 3.561651639118132429e-03 -9.435705304143837679e-03 2.138723858225510810e-02 2.901847368099041979e-02 -8.943750153694640659e-03 -3.528896655486324363e-02 -6.996793823512703625e-04 6.894944072453945694e-03
4.629083440609527145e-03 3.077401086199138547e-03 -1.345693976295070371e-02 -7.956036762941209872e-03 8.342428149022751427e-03 -7.142536974202418065e-03 -4.526594434226538510e-03 1.008220412473814775e-02 -5.140355171308286231e-03 -5.250073021882961655e-04
1.276589130138443551e-01 -1.100166485450153608e-01 1.407509663319883586e-02 -4.168259985027766845e-02 -1.264943174411499172e-01 -1.309910069700848112e-02 5.305142925116435038e-02 5.611785094498067394e-02 -8.065553235593547754e-03 2.290082184625275019e-02
-3.585726974339564777e-03 2.024942473680813038e-02 1.590833174298644792e-02 4.561825941385144745e-02 -8.574050388211240659e-03 2.013133286245150089e-02 5.964690876214540083e-03 9.786265825048268141e-03 2.614631854929783117e-02 -9.702473205056350025e-03
6.684446805504062894e-02 5.931485509790057620e-03 1.549162769495548986e-02 3.440463963265250058e-02 3.846178989020110350e-02 7.083010411912615822e-02 6.438109337490338646e-03 -2.783945547643806862e-02 1.889817653749936710e-02 1.729825238092352890e-02
-7.648702853687794345e-03 -2.078761849137578110e-03 -2.775672341210233540e-03 7.108114237187379558e-03 -1.298468421805143436e-02 -1.249673680469154391e-02 6.761285680054740510e-04 5.454472484636818663e-03 -1.822857621530360461e-02 -9.166882378499607853e-03
1.565870647614433508e-01 1.986041711788448794e-01 2.682344931948810185e-01 1.858279552172898974e-01 1.028425422734282613e-01 1.868755976879166170e-01 1.360152476670766220e-01 5.083015620254105471e-02 1.934589428689619250e-01 5.425039058584069096e-02
1.212784171213261430e-01 7.560327344443340536e-02 2.737142493653976771e-02 2.849203919254605921e-02 9.056472799688553010e-02 2.476501515751738935e-02 1.734126533407982507e-01 1.847393749952597197e-01 6.692079359704550257e-02 1.328421298065132206e-01
1.833896360138087545e-02 -1.568116089884874498e-02 -5.898915531639836729e-02 -6.220311916171183952e-02 -1.676451463347738979e-02 -3.193746190968127507e-02 1.611074129881373551e-03 7.380256471968493770e-03 -4.637939547845881805e-02 4.435974470523085245e-02
-2.157615365192722123e-02 1.818290025936096788e-01 1.181668490668723592e-01 1.032077600000622652e-01 1.506407201920900718e-01 1.072182136370942729e-01 -4.935314699968240681e-02 -8.522270769227446863e-02 1.686458766901228756e-01 -1.988257000612936309e-02
-8.110950272729766652e-02 -5.266774431377463372e-02 -1.547880430759462911e-02 -7.222359199514905015e-02 -6.583621466437428182e-02 -4.809178084596599234e-02 -7.873546116470642175e-02 -4.170009887509262825e-02 -4.158754186622903859e-02 -8.460515159618742231e-02
5.999927967748286406e-02 8.387540341965493695e-02 1.510621917182142226e-02 9.391530777088874515e-03 8.487584610704956845e-02 5.823596771168304542e-02 4.244198021907852336e-02 1.026146207878149141e-01 7.149460971114685037e-03 3.552773102442863262e-02
1.039268485997695279e-01 2.022952168538587614e-01 1.495107530333878998e-01 2.126431482479969048e-01 1.552550581950922215e-01 1.630343438079080443e-01 4.275064157617514127e-02 -6.824737071829289903e-03 1.913830805746377095e-01 6.155581687306366234e-02
2.949536333826774381e-02 6.704908493700889593e-02 5.136494999081353541e-02 1.026028555373219575e-01 -1.639226978949093194e-02 -3.160003368999619866e-02 2.568200734957848397e-02 4.633988328505278531e-02 3.792998140245096295e-02 -6.032125201596016950e-03
-8.912952306079002796e-02 2.186839306535581784e-02 2.071715789178441014e-02 5.521608185579029993e-02 -1.216730857700554225e-02 2.031969860402060846e-02 -8.772231627295035139e-02 -1.644498526170945496e-01 2.751794639160598521e-02 -9.642660911780343014e-02
7.023844422738223514e-02 6.160132005632013019e-02 -4.060904718761282339e-02 -7.451512374198276945e-02 1.465984238837769738e-02 -5.051096135200161541e-03 1.132455645496412977e-01 1.517480656153331608e-01 3.743609047221152508e-02 1.550749912140885201e-01
9.265578344338720740e-03 -2.899178634538390753e-02 2.589705206167969287e-03 1.715638586894607798e-02 5.483156548420353715e-03 2.455335933848146190e-02 1.579102400221721325e-02 -6.207085657248256894e-04 -2.062994167654474964e-02 2.481701173218153755e-02
