4.168670264458995689e-02 -2.403397966276266118e-02 6.171740328784025564e-02 7.395947015122672497e-02 -8.835818834326225613e-02 4.725263308001270701e-02 1.688726270088025672e-02 4.466899450243211334e-02 1.231553154970210784e-02 4.458917228205283578e-02
1.592670258707951092e-02 4.190606780459127378e-03 6.635603620665619928e-03 -2.351052779710993690e-02 1.411307567805586416e-02 2.381398713578075643e-02 3.133226565695679255e-02 6.190496970975956081e-02 -2.286440523041033401e-02 4.745009215555207049e-02
-4.569902026429151221e-02 -2.009612722404074958e-02 -2.427055499445884834e-03 -7.507676797187556872e-03 4.829847811749887754e-02 -4.571869048580090578e-03 1.691319497321708276e-02 2.765072953301572767e-02 -3.891582105001845093e-03 -9.299417825263667225e-03
4.431270587626112700e-02 3.792341450661318447e-02 9.420113155738807365e-02 3.079206015276270136e-02 6.069593374796511398e-02 9.458505313149245808e-02 6.561227824109572282e-02 8.029231887798360390e-02 7.875505754721157103e-02 5.114618935890469231e-02
1.326735770176146190e-02 3.426027902201012054e-02 -4.318662777178516876e-03 -2.817183892778718501e-02 8.164201020989914070e-03 1.824806906549625296e-04 -1.135696114094297826e-02 -5.445188199072692470e-03 4.377504324675651759e-03 3.174738220369288655e-02
9.985213780909774073e-04 -8.334088069323897230e-04 -1.926626088268879045e-02 -3.468015070812846545e-03 -2.115419195318413159e-02 -1.128277700332391831e-02 -1.918490527661109724e-02 -2.108819205328416047e-02 -1.436074734503733907e-02 8.475979076500550491e-03
2.304227100905364978e-02 9.801403097175587220e-02 1.060598331003350658e-01 6.886741347485347831e-02 3.936371572349717241e-02 7.346150894147029931e-02 -4.346529548587163561e-03 1.153222975670873396e-01 7.683799703868832154e-02 2.176534662020745969e-02
8.733957505236311647e-02 8.701443310799672481e-02 1.926565756093427950e-01 1.939053737886027307e-01 6.067189626003610670e-02 1.697035414147052279e-01 1.109773190967864309e-01 1.379923494139010387e-01 1.163218192240624838e-01 1.188160099203106057e-01
-3.936381932534604999e-02 9.414613753859235601e-02 4.151216168815619056e-02 -2.929131670928430964e-02 1.183541348847203523e-01 2.041994292906856856e-02 4.550210152389855267e-02 1.653129112092086572e-01 5.389487893057953727e-02 9.401508502158151259e-03
1.147479111654892137e-02 -1.428310990603254282e-02 -5.443293661043480114e-02 -4.931298606133704965e-02 -4.463828088348797962e-02 -3.103078537832892891e-02 2.935137112060726139e-02 8.972246500023572935e-02 -2.552975485050268389e-02 5.611658782641626431e-02
9.607679000854574269e-03 2.624471520621529663e-02 -2.048913250802542052e-02 -2.522654866519991046e-02 -2.565426827002426080e-02 -4.958215245193287046e-02 -3.505712542087735528e-02 2.780366137392054071e-02 -3.434305173209661888e-02 1.284026807893834388e-02
6.913240821230459687e-03 -4.809650718657465518e-03 -2.481613923427250512e-02 -5.138806731189138333e-02 -5.295636247474089231e-02 -4.607850426250070797e-02 4.881834693792441726e-02 8.272082521226309382e-02 -1.364879147014974592e-02 5.264690522711923393e-02
-4.654706846962231026e-02 -3.217089813301488022e-02 -6.076990931222425729e-02 -9.115510774798618598e-02 -4.956600106577280229e-02 -6.297228885731698256e-03 -1.565536567142888913e-02 2.294665921250071960e-02 -7.074916175143108887e-02 1.050709982101860618e-02
-1.020229786621751344e-03 -1.556707077636776404e-02 -1.484064224919023900e-02 -5.112149063800419668e-02 -2.738797281494154134e-02 -3.302154914775812244e-03 -1.448765314342725929e-02 1.600542474104571511e-02 -1.786735098279912393e-02 2.490097410285407875e-02
8.361849999221648844e-02 -1.372901861489772557e-02 -2.136013220826349368e-03 -5.212332462994595517e-02 2.926488458730158726e-02 -6.798248267598605565e-02 1.491470539206254386e-01 2.327747779884107027e-01 -1.133686353002971714e-02 7.594186284918347241e-02
1.409737505591213136e-02 -1.287750485620797747e-02 -2.405908366337250470e-02 -3.884166305852865264e-02 2.464212845844748756e-03 1.432176757274294943e-02 2.098559514031350659e-02 2.402128307795514672e-03 -1.954487138023708326e-02 3.512671421275914696e-02
2.105264539316742400e-02 9.293141046446962150e-04 2.126812926726362463e-02 3.491770301264196519e-02 -4.912016739585922664e-02 -1.139826620530470791e-03 -1.122269599548264551e-02 2.034604249224081229e-02 -2.628413615470392983e-02 -7.514208631984264919e-03
-2.261599955271909046e-02 1.267236622204492846e-02 -8.279462121751457460e-03 -3.753022354629909074e-02 3.089356934956555278e-02 -2.124575770154679688e-02 1.987430091448993963e-02 2.089361474001449892e-02 2.292447519797224942e-02 -3.480641706864684437e-03
-2.905966974299101224e-02 -1.662517848922373531e-02 8.020145429104452717e-03 8.552675655224106777e-03 3.069144398172896082e-02 4.496197063409557160e-02 -3.183148027379179013e-02 -5.183007630968994306e-02 2.256765897599599668e-03 -5.493066669832114002e-02
-4.633810580932529177e-02 1.507137851674444917e-03 4.465538021935167023e-03 -4.700951200786285256e-03 1.024983088689346289e-02 4.629853632516667261e-02 -2.337476693590145871e-02 -4.359373368829988493e-02 2.044784811477562414e-02 -2.890725577679997826e-02
-1.728700661343030021e-02 -6.913619064069287390e-03 2.295295967064792109e-02 8.778854228554955341e-03 4.180885737369077759e-03 2.669592730701886296e-03 -1.224048287293832971e-02 6.142512128893606871e-03 9.318747359652768125e-03 -3.388502400939930048e-02
-3.879057576206079716e-02 2.053564291565379563e-02 4.432066999149242292e-02 -1.217103328649749017e-02 -1.422069832141747980e-02 2.746651159923363394e-02 -4.791336878607133087e-02 -9.055303255486535363e-02 3.170300657713420733e-02 1.885879373748622356e-04
-1.908139941313891086e-03 -3.124428180244986919e-02 -6.230458975078789763e-03 -2.856633400568853176e-02 -5.309969906663170036e-02 -4.861140405855923774e-02 6.926573790009715736e-03 6.738552334700820268e-02 -8.778045098444486882e-02 -6.905158879695783014e-03
-2.458575877211632843e-01 -2.681990672904923656e-01 -2.643358891419937962e-01 -2.861076992732920488e-01 -2.421652523072648222e-01 -2.893669341874218759e-01 -2.061356992414777878e-01 -1.809806844322343622e-01 -3.407522177898734128e-01 -1.909503835030701424e-01
6.587022124282082558e-02 1.601054631756682056e-02 6.953741767804721974e-03 1.843247037409234679e-02 1.704032280905565244e-02 1.418728625864007498e-03 1.235083156911205293e-01 2.252011919892473457e-01 -3.502786485609732381e-02 6.826405000272472989e-02
2.055596385034785811e-02 -9.365552217131867252e-03 -3.685362270831937792e-02 -4.259937388622603294e-02 -3.110974389739418200e-02 -4.929001454190373721e-02 1.079814824193192635e-02 5.866929184093461203e-02 -4.015859752441652830e-02 2.467020305201739205e-02
-1.505852182338784928e-02 3.092591672792321944e-02 1.009748849488900646e-03 -2.164180617294020337e-02 3.582641181902257443e-02 -1.397093958740391884e-02 1.785308368128246670e-02 4.899900292887693354e-02 -4.447348074806178886e-03 2.051961854573000621e-03
-2.150623878730950622e-02 2.062347589582635976e-02 2.367309493932090447e-02 -4.266107302511024102e-02 2.665685645578008689e-03 -7.454337594856141891e-03 7.903958053981696708e-03 5.543054203776520694e-02 1.232278961170329978e-02 -3.051635296239307849e-02
1.279698491302028174e-02 -1.661188281511272180e-02 7.291679047023436055e-04 -8.208865732906467372e-03 -1.499622318909166196e-02 -2.499594144338956880e-02 1.333758892603764679e-02 6.162298555333101113e-02 -2.476620298402210096e-02 1.412599089640265149e-02
-1.533866126571581390e-02 5.748756188315606863e-03 9.361856329114459641e-03 -1.094012263473320701e-02 1.203965150812713603e-02 -2.272131675814126339e-02 1.722675926795025347e-02 9.750949714071310837e-03 4.121210983790035698e-02 -1.672962839026759241e-02
4.113772127391435163e-02 3.937590831678949854e-02 5.431555552269085041e-02 6.485196096214007611e-02 3.035858035281435718e-02 4.317810268444333133e-02 -1.895433128533063893e-02 -6.192177843763335687e-02 5.386136056646062542e-02 1.808550182768309256e-02
-7.862670502036372966e-03 2.123576758910417084e-02 6.639478170771084820e-02 8.793543843628182088e-02 1.778090983530500324e-02 5.404278263360406953e-02 5.618920850523068111e-04 3.751743276050767406e-03 2.008102045270554470e-02 -1.295453303546079127e-02
-1.351453497974830498e-02 1.627690458748443092e-02 5.651649682048898171e-03 1.277332680885745475e-02 -1.019623917969436633e-02 -1.071662757404379107e-02 -5.266491159092279162e-03 4.081232652736677124e-02 -3.315572463730021013e-02 -5.079074854217324742e-04
3.894518648113232118e-02 -2.554769382874244599e-02 1.342038371550335896e-03 3.624854600527527282e-03 -4.320208980844553182e-02 -1.300508257698362868e-02 1.539143567279843694e-02 1.803618900485171039e-02 -2.624833422647521175e-03 7.144443296689395595e-03
-6.689697688748097448e-02 4.255307513554518195e-02 1.079300104626934598e-02 4.510831348535138119e-03 6.871832492895046940e-02 1.275972440741779401e-02 -2.291787580046289463e-02 -7.639029939803709812e-02 4.844333223531993582e-02 -5.440131836745870642e-02
5.604722571989295687e-03 -1.517794542533312807e-02 -8.002049401155897357e-03 -1.158496702960531977e-02 -3.018389902731399843e-05 -4.871684592663960700e-03 1.017351392959620071e-02 3.245300798067507486e-03 -5.229725053928824252e-03 1.743097117074388080e-02
5.508164649985269889e-03 1.506478066752636735e-02 1.109571170195788881e-02 -8.440729852622119722e-03 -1.114934128365385746e-03 -7.532321227348148795e-03 -1.058946272007235678e-02 -4.354031864701290999e-03 5.469098312115061589e-03 7.316432536106864948e-03
2.341188150969575332e-02 1.074869737682515591e-02 1.120984629744903316e-02 1.821778841342958088e-02 2.031097161040973376e-02 6.862609619475179557e-02 1.984248945745381576e-02 1.618962640506246831e-02 -7.334300954602968048e-03 4.312224144228959943e-02
-1.833479245066005348e-02 4.340676505704488264e-02 2.642799337537748983e-02 2.168845520235951341e-02 3.208366996484413036e-02 5.313243788090105113e-02 -7.952995730026835020e-03 -1.226694079594992104e-02 4.947874114942329982e-02 -1.087545006794954361e-02
6.034501567239036746e-02 -7.323674553946002419e-03 -9.985634134155318975e-04 -1.282875210482536943e-02 -3.820222766647418666e-02 3.343688611954220846e-03 4.117202528717101018e-02 8.771249885956677872e-02 -5.809154934166826934e-02 5.908817085075046549e-02
-7.165626053219664726e-02 -2.529387559732176882e-02 -4.112026085236841766e-02 -6.636225894994307595e-02 -4.066505116262497666e-03 -5.410469162354036854e-02 -4.437651112097862338e-02 -4.774883323403500412e-02 -3.653319784885145083e-02 -6.612548923560579439e-02
-1.723254669055407362e-02 -7.956434709850412901e-04 1.230122193370686290e-02 -1.689938978807159486e-02 -1.310531404216774831e-02 1.050848754114319661e-02 -6.296227358788097916e-03 -1.506391009099772305e-03 5.652245481938322769e-03 -1.209709255493240931e-02
-1.112627792859610665e-02 1.060781967058233022e-02 7.258306010324844237e-04 -2.037166506742948968e-02 3.110055781584142309e-02 5.566605639005572925e-03 -1.646346329114489748e-02 -3.116081654112479171e-02 4.235881625649806637e-03 -3.976989285962240217e-03
3.464132383267148896e-02 -8.023005622939116677e-03 1.532918609994737835e-02 4.763661582913591985e-02 2.271970863749173120e-02 4.585122443793032687e-02 -9.531187358332804394e-03 -6.822400996806354811e-02 5.557313766274685207e-02 1.118480173465297156e-02
3.982808495297973650e-03 6.158877697555587005e-02 3.681064158355606963e-02 1.352053272997455480e-02 5.259578761758820775e-02 3.046720321132934117e-02 -2.337602131296012686e-02 -1.759523229872872463e-02 3.160718594899059042e-02 1.892529394696040868e-02
3.097658710914563684e-02 -6.243516577078001006e-03 -1.643684612317120042e-02 -1.323549500173815119e-02 -1.177006207422914841e-02 -1.925193801384716963e-02 8.466336413841979436e-03 2.824316806759252785e-02 -1.586808224841895765e-02 4.228719081787257750e-02
-1.398589203921218882e-02 -2.321058114901397573e-02 3.329533700412135033e-02 -2.738986010403188232e-02 9.171876964382885689e-02 6.542101088484031379e-02 3.147174734042401667e-02 5.579985595787650965e-02 2.088731484521133552e-02 1.116460878354708086e-03
-7.469472002608057437e-05 5.729264835374792142e-02 2.349337442122489961e-02 -2.409773673833015550e-02 2.596822533497444851e-02 2.415428885180759266e-04 -3.904363193010240707e-03 5.087912606160571727e-02 1.199942059668934746e-02 1.558180196060554579e-02
1.446670880452227692e-02 1.282133306766031211e-02 -4.637640913458973557e-03 -2.431312776463379066e-02 -1.147328185184104399e-02 -7.601633749251490713e-03 2.217113176691665188e-02 7.470146023108981126e-02 -2.517361595732969803e-02 2.801722669036887936e-02
1.637168194936915455e-01 2.102617706812761611e-01 3.236348836042282073e-01 2.060209013208016415e-01 1.666970524032469481e-01 2.441775229291844873e-01 1.229078611175768998e-01 1.549623185405586412e-01 2.597402204363312705e-01 1.141789407000701750e-01
2.940501297710484963e-02 6.744771161361384770e-02 3.073258766267272790e-02 -6.691012219097114411e-02 3.606298367728832943e-02 -3.647626880331067412e-02 4.454635633543180262e-02 1.046315560010055989e-01 4.058716088195613025e-02 5.963526585234557587e-02
2.917169435324939997e-02 1.634004917677200908e-02 1.492544080452340438e-02 2.150842542970465843e-02 7.701797794622322613e-03 1.407855823568748832e-02 2.699292542726539068e-02 5.804575077349394263e-02 1.112724697028433241e-02 2.664381868846632528e-02
-5.339880147671394184e-03 6.815056668341812340e-02 -2.364992999500903359e-02 -7.814276063711211862e-02 5.028520935576974438e-02 -6.733315801463657380e-02 5.270458772478026077e-02 1.205035659093454115e-01 2.115526067338890925e-04 4.406146087316820115e-02
3.963964017249033134e-02 2.805775776346841610e-02 3.730996105511508176e-02 2.711275013622316266e-02 4.318120796441560216e-02 2.111516760523990399e-02 1.487146839289188449e-02 -1.716211677265144786e-02 5.790682331228680368e-02 1.673482345671573057e-02
-2.569959465023137213e-01 -1.831657581895034248e-01 -1.873785334983049111e-01 -1.767768335449328987e-01 -1.402443925164593708e-01 -1.625991074169581552e-01 -1.944612005945454136e-01 -2.710774836051506043e-01 -2.426553806782028033e-01 -2.366680657215720629e-01
6.176573415669039946e-02 -4.138434168817095582e-03 -4.074250458566197608e-02 -6.443110925926887056e-02 2.460426749175859129e-02 -7.889254775110821072e-03 1.178784524206300394e-01 2.667001427813584513e-01 -1.073639775948258546e-01 9.539867634848064881e-02
2.613853866548110361e-02 6.475105914010015340e-04 -1.727054618710521794e-02 -5.374569098636428066e-03 -4.416321980870385744e-03 -2.230705984756475857e-02 3.175126875301925722e-02 7.067263541585067088e-02 -1.146710599420952548e-02 1.839742021573798070e-02
8.174905259966891435e-02 1.905994832640356407e-02 2.611395955525619428e-02 -1.321921712979623464e-03 -5.484335978334975437e-03 2.750394829139413133e-02 6.066015314659622959e-02 8.250783270763140109e-02 -4.385389453345212019e-04 1.230768472460530560e-01
-2.223762507940435507e-02 3.172017576684682538e-02 -1.732402335519189762e-03 -6.186051644279455530e-02 4.231047765021500595e-02 -3.486468372571494001e-02 5.692016692009049805e-02 1.263387047183917034e-01 -2.386387147654822627e-03 2.743211347350626994e-02
-6.881402078348752838e-03 4.535437924229146489e-02 -2.585561291208016144e-03 -4.760097444066957451e-02 1.406061672356706538e-02 -2.588855497697561958e-02 1.349005149456861119e-02 5.808164662417247825e-02 8.332788250476674818e-03 3.867899159155196998e-02
1.512661399346626467e-02 2.725671367759829877e-02 1.157038093631523878e-02 6.303904744917154801e-03 -6.479650644571677276e-03 -6.282886716626023826e-03 1.458735152617540720e-02 5.454212975725614143e-02 -3.040225951322916842e-03 3.554875828510084546e-02
2.449962375759451305e-02 -2.163606561259712180e-02 -2.912200447657520286e-02 -3.774303349948571196e-02 2.225146864909710587e-03 -4.935584902234957383e-02 8.975705556111090999e-02 1.973387532237262931e-01 -6.914573083595643155e-02 3.794929731471308187e-02
5.413501813357868286e-03 -3.702710768779038375e-03 -1.240131703198166235e-02 -3.056113329782617072e-02 7.114248158942793054e-03 -6.647502376893044129e-04 2.042035631753069680e-02 2.661950121764444788e-02 -1.999192063434218625e-02 2.597227225875986534e-02
-8.284341580013609985e-02 1.717918723071143461e-02 1.799749180680443317e-02 -4.279540302215334435e-02 1.467048567069006992e-02 -1.169982834064864363e-02 -6.779652530730562177e-02 -2.386492253193139845e-02 -8.321696760658525704e-03 -6.362947559163956157e-02
3.965555155583988522e-02 1.662535660318242847e-02 1.234416574742436268e-02 1.879059345642097867e-02 1.434993869668943489e-04 4.976953367385572591e-03 2.188703018098259179e-02 4.906527805634564032e-02 3.322642164946820742e-03 2.681452006764573071e-02
-4.960918560617422202e-03 -1.449672332587148560e-02 -4.796667219746808541e-02 -7.627577728679746372e-02 -5.344350562542921068e-02 -2.279612358065463695e-02 -2.092758915679659992e-02 -9.762121729286477034e-03 -4.952973638941954304e-02 3.526500322780501406e-02
-5.275640151646943110e-02 7.015601777969981967e-02 1.345528863547817977e-02 -2.994757556206728566e-02 5.786883251741503642e-02 -1.789761206818063499e-03 -2.967112576714914240e-02 -2.764150514187857510e-02 3.870340971599572910e-02 -1.152656264567319955e-02
3.116455676005003284e-02 5.465823422946591847e-02 2.543171953327005852e-02 4.363943189511054754e-03 3.310205385606312944e-02 2.511896172028738050e-02 1.174613492835741013e-02 5.304245118541395243e-02 1.699557424388320470e-02 3.264588920494970736e-02
-9.540152736821205792e-02 1.185021876165617272e-01 8.447122493767444951e-02 -7.794065000945482602e-03 1.867762783122017822e-01 1.817257648193297825e-01 2.589818230520180009e-03 -1.978715088648996812e-03 1.329603456499426350e-01 -6.813117240209809466e-02
5.524216301076378954e-02 -3.216588648793017313e-02 3.349843443632316564e-03 8.946831506024821579e-03 -1.345084147266408792e-01 -4.166421005485054785e-02 -5.196185001646380641e-02 -4.167943696265830056e-03 -8.375079192024093011e-02 1.698375679333352650e-02
5.207345387532757996e-02 8.986884711020515226e-02 8.478516053600948510e-02 6.264611164175715174e-02 7.714653690588857415e-02 9.139302712687236152e-02 2.105998676358566968e-02 5.662890045005219974e-02 3.689734532138944090e-02 3.655145009447569038e-02
3.281252818508750835e-02 2.187159876204436415e-02 -8.385740253462614646e-03 -2.568662578929981066e-02 1.115266329898600972e-02 2.234743621554624582e-02 4.289498267240476892e-02 8.958982975656937242e-02 -2.342741529708458614e-02 5.558936119486235228e-02
3.628755389632321027e-02 2.224420496808932057e-03 -7.054358230531576623e-03 -5.594149207629506293e-02 -1.568254594758222709e-02 -1.647245891893778236e-02 4.241457463439424203e-02 1.005277506171164958e-01 -1.846704017375921936e-02 4.932006267287603052e-02
-5.531645690409758842e-03 3.690268174521560418e-03 3.346241660630022707e-03 3.019600444775782933e-03 1.655562254339049133e-03 6.220595365988845771e-04 -1.230563732578016101e-03 -1.613673556313921509e-03 3.189471577728753005e-03 -5.635638131928244476e-03
-8.627357371758515026e-03 7.594759946448981225e-03 -7.436285802060460526e-03 -1.269980659147584845e-02 2.042417536502705300e-02 1.725419309696452075e-02 -1.565739629303911085e-03 -3.205359258639062237e-02 8.766136416497261052e-03 1.412629682510435636e-02
-5.383127793141539996e-03 6.374349235844789519e-04 5.609515963056033172e-03 -1.122585705389411714e-02 7.901489893383129015e-03 6.667131681669324905e-03 -1.313770015278503678e-02 -1.246557176063323169e-02 -1.389064893693348068e-02 -1.654591229992030676e-02
-1.622056199458210557e-02 1.556878977457820667e-03 -6.034762919517788760e-02 -6.199410920164272198e-02 5.795130848168206228e-02 -8.615031075215107137e-03 3.646908951016225586e-02 1.178479932964648924e-02 8.937699148360955803e-03 -8.280170786578722186e-05
-8.947769453015563812e-02 2.977645353875679746e-03 -1.657882573629176903e-02 -1.439025584713515826e-02 4.178470739496020769e-02 -3.709720623667323025e-02 -5.867653291600927190e-02 -9.596043875152293623e-02 2.436617672494756359e-02 -8.997545583254784596e-02
3.554016106374611184e-01 3.054514346140964065e-01 4.111025681883173633e-01 3.252413070286888086e-01 3.217447559660930878e-01 4.127398766926733131e-01 3.075535869245094034e-01 3.450683242972988340e-01 3.192879136388198091e-01 3.451450277572263303e-01
-2.423450999620557766e-02 1.857840804434029991e-02 -9.928238264462763141e-03 -1.599471722992173994e-02 5.375189268367952522e-02 2.611614323902777812e-03 5.063071299394650282e-03 -2.383770154077913261e-02 1.551114582536872177e-02 1.861976611190474529e-03
-2.817220981319801254e-02 3.435434214720833879e-02 5.042662582920520720e-02 1.285948812495263383e-02 5.222882646225590619e-02 4.811166005269917889e-02 -1.819737924275255381e-03 -7.764987742941542592e-03 7.768429532453158259e-02 -2.285730267171537378e-02
-6.969343751636003503e-02 9.138978864819069514e-02 7.609068260715368126e-02 2.082119508820134968e-02 9.221440367185748666e-02 8.286935905540548930e-02 -7.502367032046564077e-02 -9.375858618373489328e-02 6.699709638475415119e-02 -2.826517894210278659e-02
-7.003799823400669311e-02 -3.417438299381014843e-02 -5.777661422374169575e-02 -1.060780549572966081e-01 -5.923760881762341057e-02 -6.704714164778557972e-02 -1.094273856414673673e-01 -1.262446213566139619e-01 -7.882185636133609563e-02 -8.687876723782927968e-02
-6.916530471655146783e-02 3.200580893189908238e-02 -2.846664336773940818e-03 -8.232929838606573014e-03 7.004856645419943462e-02 1.687480667577023752e-02 -2.500918831889453742e-02 -7.361304194343187834e-02 5.576427042435172510e-02 -3.412115124206938077e-02
3.145853151198618747e-02 -1.310663315397175843e-02 2.679579460073533426e-02 9.510466947117990344e-04 -1.374441640691248523e-02 1.310177865557005106e-02 8.472907093318049476e-03 1.244329720953274432e-02 1.621998306872285411e-02 -3.509371094994939710e-03
1.610890338380244202e-03 9.552313317378491320e-03 -2.121015122950442588e-02 -5.602321165460821817e-02 -5.573122306304334472e-02 -3.075415165125905403e-02 -6.719399827035488215e-02 -5.237862692744377213e-02 -2.769748081102374471e-02 -1.634740245781607371e-02
1.442009549357425868e-02 1.741955274290063471e-02 7.376987937601064971e-02 2.065984581540281084e-02 -7.104317031763507373e-03 5.620160110989136371e-02 -1.743531065719583495e-02 -1.221119585512564498e-02 3.710845116078509420e-02 7.820613556100752817e-03
1.331431347534728360e-01 1.498547990408392039e-01 1.745844522153827683e-01 1.380978194611461873e-01 9.526281801994596066e-02 1.614362463822951455e-01 7.182701524967427531e-02 7.119683442394109107e-03 1.212826154053932015e-01 1.392477416725208528e-01
-8.328993613682822428e-02 2.404858618822469651e-02 1.781823317653463690e-02 -5.374024324344972570e-02 1.732501618279869149e-03 -2.330697549700921911e-02 -5.590106947581663377e-02 -8.018729239524269303e-02 1.943826549728111530e-02 -2.720144775215960209e-02
4.093959383534340191e-02 7.203477151076498330e-04 -8.267721465268884629e-03 -2.352258978430121772e-02 -2.053190479323063755e-02 1.382451442930587859e-03 3.632296735067663818e-02 7.209984360273713477e-02 -2.094946207316183973e-02 5.902890217904532832e-02
1.426444456355935309e-01 5.753952873251000355e-02 8.625271038923632005e-02 7.844661020746102054e-02 1.542598054320798440e-02 9.358926558343938495e-02 7.013834496820603448e-02 1.059083895609864712e-01 3.067090453945375828e-02 1.393689210154480662e-01
-2.237682295128617938e-02 8.488649711170059842e-02 4.103035198050353216e-02 2.481033045194180886e-02 6.586013121245049007e-02 3.511983614671621012e-02 -2.323552045123372656e-02 -7.436422788563490371e-03 4.389527528831571601e-02 -2.754831236394217342e-02
-2.934689307873661335e-02 -6.935228667400439306e-02 -5.724814016314727638e-02 -1.056064393696196646e-01 -3.449557707768313719e-02 -6.260431364962215639e-02 -2.362877327441692543e-02 2.459885154729946066e-03 -9.098385204380310398e-02 -5.040889667526826656e-02
-3.253657476752014333e-02 3.835229914465454470e-02 5.779981796546973527e-02 1.059751676632014750e-02 4.807744752794818055e-02 1.612694318771268343e-02 -1.523311248354453085e-02 -1.136596276243873049e-02 4.165672980923684765e-02 -3.043469751653526956e-02
-1.517562140237140866e-01 -1.956007256904257474e-01 -2.124324766285123900e-01 -2.254270915863907376e-01 -2.196420537420316066e-01 -2.151843003862712322e-01 -1.864510356623556575e-01 -1.270477792806889994e-01 -2.269024279641675967e-01 -1.488831969129646993e-01
4.379556177298660202e-02 2.763756427660979398e-02 2.686206369827548457e-02 -7.465326088918367020e-03 -4.256574738914498113e-03 1.661278490419348941e-02 4.306448743535007395e-02 2.593078820734895373e-02 2.699869284830747063e-02 8.713092806298261550e-02
7.705380756850743751e-02 1.269912978216787280e-01 6.302748008396541479e-02 2.542633218208489865e-02 8.562937976381590488e-02 6.548855242218820649e-04 5.781296467023722130e-02 1.438814519497881861e-01 4.359395823151901439e-02 5.478727879859057737e-02
8.365828117721996193e-02 -2.696728535027226314e-03 1.705955796585989503e-02 6.478445717463365838e-03 -3.980180447704384505e-02 7.192545938887295875e-03 -4.313033754777428896e-03 5.033575792908528967e-02 -4.579923790908146941e-02 7.784648015744810579e-02
2.452298377561223930e-02 7.711694590409878813e-02 1.315944010670246911e-01 7.420918779648477681e-02 8.288745097784921967e-02 9.990539573678969276e-02 6.857144483511401489e-02 5.590535038664601331e-02 9.908581611727562688e-02 2.994120272261380222e-02
1.031015290448422661e-01 1.047780924606271924e-01 1.951243979499723835e-01 2.950899805216584681e-01 5.176759820917542498e-02 1.884228766807423128e-01 -5.280852340347408358e-02 -4.953600933677915208e-02 1.088607633622942217e-01 9.809432099782355863e-02
-8.873450807376670468e-03 -1.799881945837267239e-02 -3.305398711645590737e-03 -6.214028543145033723e-02 2.008272974232561126e-02 -3.333885007471515394e-02 5.304579312709378769e-02 1.078220326719723232e-01 3.310530923025511996e-02 -3.321213799365274610e-02
7.159964611871760809e-02 -4.533691919199522857e-02 -2.914692526186435373e-02 -1.335169123578783257e-02 -5.967610366570319513e-02 -7.850628621496547055e-03 2.869198721163090937e-02 6.643188422792833947e-02 -4.811985490812897837e-02 6.599429489091646062e-02
1.490712280944128665e-02 -1.349332215422149872e-02 -2.808423696482442722e-02 -1.019681328129617981e-02 -2.295045389498495680e-02 -1.057538062311458305e-02 5.826298566662835299e-03 3.276948654630262858e-02 -2.070163928748082471e-02 2.703256538064247039e-02
-2.664058205873787166e-03 4.778475775769175371e-03 5.584959629281183169e-04 4.903221470600183096e-04 2.580222211976151980e-03 -2.430047058072704047e-03 5.194418193651406668e-03 1.129617800045012999e-02 1.654148739081873209e-03 -2.456725241061219478e-04
-2.572501026938889268e-02 -7.308030580311708491e-03 -1.494970350026347816e-02 -1.980423893368499222e-02 1.483170646518683355e-02 -7.929770182055762007e-03 -1.790389704437345131e-02 2.672232500694837753e-02 -3.611896431920769146e-02 -1.011732317072300269e-02
-2.329561029794913196e-02 9.101966942512085268e-03 -1.688083619135749558e-02 5.181184152200479787e-03 2.591833597006054646e-02 1.837152300790734216e-03 -1.459969991890552876e-02 -6.694931047838981186e-02 5.080514183800133310e-02 -1.792354706968701805e-02
-1.898302342890345606e-02 8.838089395274195681e-03 1.237036700057814187e-03 -5.126309684030916358e-02 2.460698129454463867e-02 1.771271865941281831e-02 2.385601344649401767e-02 3.307015291510095878e-02 -1.539432500111015401e-02 2.250285767388149338e-02
-3.328998903712987456e-02 -2.348274522486715199e-02 -6.403076190990564243e-03 1.111833471093248704e-02 1.564063096108014861e-03 8.156878879025164508e-03 -9.551834167976114287e-03 -1.101414760977004192e-02 -1.139375787779428606e-02 -2.640748995675323840e-02
-1.878371440018744565e-02 -3.244184683232553823e-02 -3.990394162263566358e-02 -4.755194652702066094e-02 -4.254202767483405978e-02 -1.800446044514902866e-02 -1.356814936297467966e-02 1.360876921088660652e-02 -5.684910298535417184e-02 -1.940165748930411382e-03
-1.713721524145128683e-02 -1.432483013352792156e-02 1.146291829402912299e-02 -1.496263058643354515e-02 -9.074713358123709384e-04 -2.899745554047594709e-03 4.641429356282422702e-04 1.193136741937084189e-02 -1.300200317470515121e-02 1.068593208331969358e-02
3.454990857844997265e-02 4.962768299445308173e-02 4.268288601479319766e-03 -5.790147205481677162e-02 5.223363496620159196e-02 8.364507317550895493e-03 6.684705045685745972e-02 2.113640983424920350e-01 -3.998185269870679903e-02 3.596760944046728525e-02
-5.079291498557036988e-02 1.993362643009666257e-02 -6.940735258789132445e-03 -1.111041629128095565e-02 4.254186094767575810e-02 1.394917306423160142e-03 -1.597198603502114622e-02 -3.931747930686424475e-02 2.277726195415896715e-02 -3.514633059481975241e-02
5.217438793395867691e-03 7.350626075834476580e-03 -2.379180546319004108e-02 -2.209147128938759863e-02 -8.696128274518377665e-03 -1.726738218375079015e-02 1.400484838346294225e-02 1.052527178816742293e-02 -1.423400323475565443e-02 3.321795452443421226e-02
2.083306353445557590e-02 2.619448166880111728e-02 2.633604509055142984e-03 1.198250429489178259e-02 3.906210462894854629e-03 -1.687092164216164036e-02 3.288913630858480985e-03 3.868011317057273857e-02 8.360627035981060828e-03 2.806704160240869328e-04
-4.175204328444870328e-03 1.090983539584300388e-02 -2.457028081636636330e-02 -3.249527325943901701e-02 2.840730012143355410e-02 7.418564063854660162e-04 8.453905834081343329e-03 2.335867739354169359e-02 4.901011488733786337e-05 1.951986248695458670e-02
1.246455169531301976e-02 -2.117045333460776391e-02 2.001295604108221937e-03 -6.834311844371221412e-03 -7.021628190346174136e-02 -3.853403581241110487e-02 -7.549623693591911433e-03 6.550027930049751035e-02 -4.273146414372996915e-02 -1.294745732020885498e-02
1.601560234790611048e-02 4.687538236319177543e-02 1.910710749427924071e-02 3.128698091224627054e-02 2.033947297474192339e-02 1.693249664533258425e-02 -5.339726376957187881e-02 -3.440665856957547675e-02 -2.969354974434068595e-02 2.043908173967090569e-02
2.710399346098579798e-02 1.692148815600074130e-01 2.052648254656208593e-01 1.341967436688149551e-01 1.816429300296140692e-01 1.770445412033714305e-01 6.097934708307306551e-02 3.366102631279266344e-02 1.660272836149156994e-01 8.727680163532092195e-03
-2.235691520071281246e-02 5.326949162230310009e-03 -7.976713211581998308e-03 -3.958591683924872484e-03 2.752128352392491095e-02 3.202181373552503985e-02 -1.158445363641602555e-02 -6.955142103814315746e-02 1.864782587637181521e-02 -3.027386440783708110e-04
-5.019691171630924487e-03 2.195086571538773512e-02 2.209279178514944597e-02 9.398049847986866823e-03 -3.067295121244928424e-02 -2.590975544502360783e-02 -3.688400954284531963e-02 -2.430916772997893105e-03 2.218640077612499262e-02 -4.802303055141976529e-02
-4.448783268849076933e-02 6.299526326416327038e-02 7.779971092294957202e-02 -5.440366234042315341e-02 1.351677836145070977e-01 3.003326449960219691e-02 2.911604253137412002e-02 1.393087028253821025e-01 1.876418956408043570e-02 -6.359192494999010847e-02
-3.170550006271888321e-02 4.225084716845017851e-03 -1.370290660489237311e-02 -2.335034155608273210e-02 2.578174073858807702e-02 -9.632402996923694616e-03 2.169985597682910772e-02 6.915547566487401099e-02 3.452898329113551767e-03 -1.427258606047265843e-02
-6.067077178023794204e-03 -5.026139035215315687e-02 6.061534333192231117e-03 -4.702230696918441311e-03 -3.938923210507461192e-02 1.769459284362895346e-03 -3.199118718392135463e-02 -2.179054319346018787e-02 -1.091919394089746476e-02 -4.026870300079954390e-02
-1.385169356859017320e-01 -1.354469855126856359e-01 -1.628118884520901588e-01 -1.564729003186746681e-01 -1.742769339836574005e-01 -1.402125361561159522e-01 -1.220249997057414326e-01 -1.442030266236429270e-01 -1.963837143743365488e-01 -1.634535424619780741e-01
1.642948251929610137e-02 2.461178648106177036e-02 2.712497777280642453e-02 2.226517897800883716e-02 6.836898160450211037e-02 1.459697207132837349e-02 2.298785525644042593e-02 4.119742937729942156e-02 7.904977333077933821e-03 1.082651574134008143e-02
1.433503101900246435e-02 -4.908147767178583365e-02 -4.987834610662478241e-02 -6.472483870562117936e-02 -7.283912836374550892e-02 -5.039615093142213453e-02 2.019130350065445612e-02 1.166922941042187745e-01 -5.972994492789407417e-02 1.284519915387249966e-02
8.085621478358184788e-02 3.353406642042333630e-02 7.708049423389162769e-02 2.338330366826291140e-03 2.983065453835287428e-02 6.669822626799160048e-02 1.084773013342710257e-02 6.850986266150460580e-02 1.855206061281400309e-02 8.314671716584065564e-02
1.326024101480172135e-02 5.392421554042181597e-02 1.296503790108038956e-02 -3.407156032849911753e-03 2.251776791597048799e-02 1.379045587487937041e-02 2.618401032118633509e-03 2.435912234670167820e-02 8.871462259822493479e-03 1.569362261865858699e-02
-2.116172336946409160e-02 -2.528722330473431867e-02 -1.701838977488012716e-02 1.274223351480863187e-03 3.684893620157225769e-04 -3.853466652475745491e-02 2.230372966825022729e-02 -1.477818622722004704e-03 2.711872549648930431e-02 -5.010732296442554912e-03
-3.038823540906065990e-03 4.032263085554266269e-03 -9.122268304928127236e-03 -9.309690545081572566e-03 1.001971815623728390e-02 3.866278362967712212e-03 1.004255113188479154e-02 -5.893367594602683113e-03 1.082515685105756020e-02 9.997916947424467793e-03
-1.027221755389273739e-02 -3.469777823866204702e-03 4.501315265667038545e-02 7.058533864636729049e-04 1.223999537872089149e-02 -3.037929106815528968e-02 -1.916739577675619088e-02 6.394616831375365962e-02 1.863588176739217062e-02 -5.925591203557445397e-02
-1.653665309606777711e-01 -1.639050729911426529e-01 -2.111377637970281995e-01 -1.935971215112122223e-01 -1.855838861582919108e-01 -2.216451848293505833e-01 -1.649149860849270510e-01 -1.616987370371472110e-01 -1.738749532877887916e-01 -2.140136944858026524e-01
9.873659028266201787e-02 2.659567614503632882e-02 7.289131960611250349e-02 5.728281835674220446e-02 5.948567222120004772e-03 6.151543599352837788e-02 4.386226217984789955e-02 1.163705532988119629e-01 4.881982478646684775e-04 5.824510656071879566e-02
-6.239253211779072217e-02 -4.442411743114949019e-02 -5.297682154549487876e-02 -2.184613269155910587e-02 -6.910665130001714118e-02 -7.764633869590209514e-02 -7.528085366107895027e-02 -9.475158127696126087e-02 -7.049268410990983114e-02 -7.519080187485194244e-02
-1.069410341911130047e-01 7.257584268975492137e-03 2.026076798894838049e-02 4.379795361727456537e-02 -1.025805771407650724e-02 1.279527938570623746e-02 -9.386012861487502690e-02 -1.643677047482814402e-01 4.911625734539093457e-02 -1.106858448378540416e-01
8.765477079699657281e-03 -5.219641250121309639e-03 4.753306404758106396e-02 5.677708237295053806e-02 1.341622512364981645e-02 4.167635579536099755e-02 -6.304352842155580561e-03 -3.006147400300296368e-02 9.567502842570796417e-03 -1.518479622911161897e-02
4.204159228350690114e-02 5.880089278379241335e-03 -4.382069140251765305e-02 -4.257179717813031061e-03 -7.760499186985914122e-02 -2.860474407458291068e-02 5.238919442119405190e-02 1.602252302228350800e-01 -3.355770345736441840e-02 4.905178901384132928e-02
-3.143312417088539590e-03 1.119934475481398906e-02 -1.111210636318826772e-02 -1.583842902895482574e-02 4.560174804514094404e-03 -5.832266764635773981e-03 2.563855157251548889e-03 3.048764779843482486e-02 -6.919256701949816346e-03 -1.366853046554039608e-03
3.676495291817349909e-03 3.273299894078984806e-03 -9.349214283475237863e-03 -2.098511005722558664e-02 -8.632080303103251140e-03 -1.826612029474894427e-02 -1.041279422293861501e-02 -1.348746630678210323e-02 -1.010017097263293806e-02 4.273907116252306793e-03
6.922932814886095798e-03 8.697287726331381918e-03 -5.845693224051373704e-04 2.358075418158644965e-02 1.579111071321293025e-02 1.871586050304863136e-02 1.012208712021500645e-02 -9.697260910782823373e-03 6.981051084435030418e-03 -2.799386629737110610e-03
1.325527816531391068e-04 6.254131087384973142e-02 3.893906968263838309e-02 1.078184013636906968e-02 3.413081308944221348e-02 1.600810785899131616e-02 -2.028438788542441529e-02 -2.218658528107209094e-02 5.025661147353588376e-02 -3.587088375330083068e-02
6.105433489481004727e-02 -1.330421450862395716e-02 -1.797839015262159279e-02 3.470442068466361718e-03 -5.100461779905973714e-02 6.505021898483676068e-03 1.579813103673188834e-02 5.669757985132317657e-02 -3.406986540721868018e-02 5.052958628428516619e-02
-2.552769971763169110e-02 -3.487473346876601710e-02 1.886925633667768665e-02 1.865792073574912280e-02 -8.279580511249662322e-02 -1.803975556889358955e-02 -1.067235019031969045e-01 -9.589831827692574251e-02 -3.534622223456274082e-02 -7.509162773450039907e-02
-1.383928333710198189e-01 1.972393872874267373e-02 -3.115000578950954946e-02 -7.239510213546962447e-02 -7.532440208970037077e-03 -6.959926919259640243e-02 -1.171077643437996585e-01 -1.466196295654844661e-01 -2.131266196049530492e-02 -7.411629811013886737e-02
4.099333369404956073e-02 -1.436359718765389815e-02 -2.042476122676273320e-03 -2.681023464880194496e-02 -3.145877400782071120e-02 -1.410605392964825455e-02 1.024020301663453036e-02 7.601297681848118160e-02 -5.131162708672976080e-02 5.166893961402685420e-02
-4.259085780490445838e-03 6.046971718502547333e-03 -4.533908009479059587e-03 -1.814322293050896207e-02 3.101190451601480713e-02 1.254811652961906887e-02 -1.026495296214380293e-02 -3.793413459852934544e-02 1.765415793718361215e-02 6.786502575459429920e-03
-2.019426172542173603e-01 -2.258441673027498098e-01 -2.201121043272129540e-01 -2.270929597750899198e-01 -2.261155431216970157e-01 -2.187403484482759453e-01 -1.891233008241837155e-01 -1.858863177855818449e-01 -2.458090260989296283e-01 -1.441330334912791500e-01
-1.348120276920239391e-02 -4.837101113081221371e-02 -6.255502696927095485e-03 -3.180487183709557186e-02 -2.304977659808571389e-02 -1.215306346350697453e-02 -2.262129168731696893e-02 -2.986131826333116024e-02 -2.398638379567431811e-02 -2.466906414029157446e-02
-2.676107104964398076e-02 6.572027857838502740e-03 -1.197624130893970573e-03 -2.455974823829532028e-02 2.427555020001648245e-02 -2.902056483032566803e-02 7.927950035592434830e-03 2.895215908141679506e-02 1.270586738676637850e-02 -2.357197891995976846e-02
-3.414511762366778669e-02 -9.423081316996206880e-02 -1.129076350689572905e-01 -1.237152043576532634e-01 -1.110262647305484407e-01 -5.457598435961097394e-02 -3.509282569335603341e-02 3.917817009073765178e-02 -1.216235265318985626e-01 -5.762640237242155905e-03
-2.261525479129211647e-02 -8.800559435731492020e-02 -6.061360700060092199e-02 -1.715910656782178023e-01 1.754258440646694339e-03 2.743619769553706789e-02 4.600030604880700480e-02 1.329877295219148436e-01 -5.359663394410851822e-02 2.350774290011470313e-02
-3.661356289217865267e-02 1.054018846068416337e-02 3.909485319843142292e-03 -1.978423428804987338e-02 2.493993474273548117e-02 2.154482484466235803e-02 3.094943225192592351e-02 5.763512608458665198e-02 -1.616372075684147092e-02 2.203910122274344019e-02
3.283588093022071774e-02 5.362056719423335949e-02 -2.925099372144579490e-03 2.551361871080981558e-02 3.720279248542013306e-03 -3.563335797316291575e-02 5.428250069393847355e-02 1.458507449588193339e-01 -9.657557831322272079e-03 3.843681443424795674e-02
7.930496518716800836e-03 7.624840705146151976e-02 3.838604825960878486e-02 1.597076061427671334e-03 6.967843295517894830e-02 6.001597816882942027e-02 4.062252720465697742e-02 6.942564092318104230e-02 3.898827415607808433e-02 6.086612134049573797e-02
4.738154236661262786e-02 3.501245335713498719e-02 -7.115139934967373847e-03 -2.150529415328428229e-02 -1.210180321567122519e-02 -5.544481364391096179e-02 1.913544990088045239e-02 9.364360780847881538e-02 -2.474240591845255910e-02 4.739378506299996019e-02
-5.016564335674011943e-02 -3.633877835814391943e-02 -7.567366661360708235e-02 -1.058926096462897704e-02 -6.746193120968602130e-02 -6.805407576408839532e-02 -6.190067587051073517e-02 -1.209149033391989647e-01 -6.847954892307228647e-02 -3.298914939174046879e-02
3.234229388026577112e-02 6.481428060940697122e-02 6.367815939273313575e-02 -1.681563642319527929e-02 6.456232705548003992e-02 5.966568210743616874e-02 6.738921894281268976e-03 3.917089191097655743e-02 4.897871720824031883e-02 3.798193703810337496e-02
-1.572288121781095782e-02 5.285789464632273393e-02 7.082683572875669853e-02 -7.805344938084601836e-03 5.647631007035203154e-02 3.635939945319588418e-02 -3.942245852220960245e-02 -2.165553291291311133e-02 5.346087359633022729e-02 -5.111365654381705426e-02
4.723697583586439208e-02 -1.875815932548174914e-02 -1.646388966057088510e-02 3.665694412513165190e-02 3.057416618958086474e-03 2.757631873680566059e-02 -4.871009196070197333e-03 -3.049635251914528666e-02 -1.385805336657153219e-02 2.154680520730511972e-02
4.924169824574731180e-02 4.674475598064997683e-03 2.872702631446522048e-02 -3.038664885928721304e-02 -1.696136307243989449e-02 9.478259305672587232e-03 2.074165096418179033e-02 7.574617371221936679e-02 -2.339645530133260820e-02 7.793908969874507875e-02
-2.766977882004972855e-03 1.641955923045834709e-02 -3.666817091655971694e-02 -7.721824798893228703e-02 3.306019254030090337e-02 5.347615399561078675e-03 8.312495260904029237e-02 1.391903694695928451e-01 -4.057454912279556680e-02 8.458686519486224853e-02
-2.990583735077168015e-02 4.644287736606766970e-02 3.125719667169590821e-02 -1.471967606860768996e-02 7.029053749248070915e-02 1.977051553136899287e-02 1.407341944177709081e-02 -1.213756774016871987e-02 5.834992728598464851e-02 -2.343699483974504005e-03
-3.923071813820655507e-02 3.698241335040597377e-02 1.685565322684823286e-02 -1.501209194882058284e-03 2.653208635203752053e-02 2.317086656866962358e-02 -2.530878667085278977e-02 -2.285296581253426496e-02 -9.686496361664076460e-03 -5.330687663904321028e-03
-1.142144992212745791e-02 4.551203864264952159e-02 3.482423706375659123e-02 3.518724617489255024e-03 3.870977883901094430e-02 3.978047653479510615e-02 6.988412353816642053e-04 3.988260056945325260e-02 2.597887707183765826e-02 -1.160038421552656018e-02
3.958033965014706723e-03 1.452966338658523426e-02 2.094399703393090562e-02 -1.987503221325681579e-03 4.972382750944248642e-03 3.944929571057897988e-02 1.841923632990560833e-02 -1.344904512579869760e-02 1.586568476939564931e-02 3.192817004269965508e-02
-4.461129584391487768e-03 2.121580135220568764e-03 -6.703427449192389531e-03 -1.288417857579648995e-02 -7.591079512334175661e-03 2.097817010708880048e-02 3.022184479690270820e-02 3.906468735106827239e-02 -2.999590733191670466e-02 5.003031846741556876e-02
1.954925471247470625e-02 -9.879971079476135287e-04 -2.921032205905671475e-02 -4.025703492439536291e-02 -2.607929083047899610e-02 -2.717579035197825732e-02 3.056478878208235272e-02 7.701704960472799399e-02 -3.731402330736799389e-02 3.293750071672896240e-02
-5.363001441904735600e-02 8.191673139077915167e-02 6.823582518068160851e-02 1.051423886511759775e-02 7.901719231087245277e-02 8.939658931159399913e-02 -3.147431557389301915e-02 -3.979157428614410463e-02 7.767926881901487945e-02 1.424558397723707515e-03
3.927871001236216131e-02 3.068990865178555794e-02 -2.935480665705814118e-02 4.205333627984586542e-04 1.112690585612341465e-02 -1.353668456458034797e-02 1.430933189135785710e-02 9.097547304482134223e-02 -7.103594607178465026e-03 3.971688953269048028e-02
2.056205297471436211e-02 4.888071258012072207e-02 1.739457520653608924e-02 -9.313732757142645369e-03 1.573150963345426590e-03 -5.027142943397677755e-03 -6.557915760526000781e-03 3.205975458259757715e-02 1.966242505618787106e-02 1.764434178314822077e-02
4.257858148726967329e-02 -1.733776706756318120e-02 -1.319242301643264170e-03 -1.155176453531669978e-02 -2.097379731358817168e-02 3.001436116052857983e-03 1.417974372628627577e-02 4.602303235378890633e-02 -1.870257827047261401e-02 4.617174021933934114e-02
-1.827929547546958133e-03 1.036222279165954774e-02 9.537443065714867885e-02 5.136316463564316592e-02 -4.655249264246319463e-02 7.120714888929846609e-03 -6.282233273458182055e-02 -4.843002101984872354e-02 2.677064867858014452e-02 -4.621210171836942493e-02
6.047353137535615986e-02 1.295300709764362068e-01 1.152258374078138914e-01 5.141847477637195851e-02 3.872737990205665781e-02 1.255871513117945426e-01 -3.306516117299551638e-02 -5.248938569521310882e-02 1.406771136939966027e-01 9.903615603349180674e-02
-8.630475133525550291e-03 8.031382587027291464e-02 9.871580262684886975e-02 4.667038586198213324e-02 2.277355083758081378e-02 3.398875321005689898e-02 -2.073241546924364798e-02 -3.377127721132566762e-02 7.378100729361936061e-02 1.844211442250198729e-02
1.757620104947177353e-03 -1.492590311624397703e-02 -2.290539755195553084e-03 6.815984793004048470e-03 -6.395577271017494070e-02 -2.546291381692000755e-02 -3.204007668760766592e-02 -1.977010979634208354e-02 -2.425450440754595149e-02 6.926864525887310720e-03
5.366059388913058115e-02 1.275925702937295014e-01 1.441281624730406108e-01 1.123912361649548330e-01 3.941134257886158565e-02 1.478787302995492325e-01 -4.776449741834820628e-02 -7.245589819887321426e-02 1.170203035306034423e-01 5.233315316875897238e-02
3.442835840715474660e-02 -1.745171470771822442e-02 2.421855663599892239e-02 6.686488382368516170e-03 -2.392377047495930498e-02 1.380420283436212259e-02 1.392076225019689417e-03 1.536565192747652020e-02 -3.875462383777872333e-02 3.862681976021331565e-02
2.595948545382142925e-03 4.009224303696523606e-02 5.682611566945094950e-02 1.024420371187684253e-02 2.284951050493067015e-02 3.928036078616514715e-02 1.964501034307453153e-03 4.554560365338744532e-03 3.603502071488673408e-02 8.652517879003340795e-03
1.810784681231183413e-01 1.435361698252239915e-01 2.124697329818072689e-01 1.826324516548787358e-01 1.203167350408760328e-01 2.013625864193189230e-01 1.165395278741083729e-01 2.137576503736635658e-01 1.963086598845080744e-01 1.922269742569744366e-01
9.640905128282284409e-02 1.028613140182597085e-01 1.419446737657157342e-01 1.356056407715486856e-01 8.431290595819440625e-02 1.573589597206810353e-01 4.667032086161837512e-02 1.084883826661986461e-01 1.039250989587330309e-01 1.138155110105252277e-01
1.112862252886488434e-01 1.158112021320114593e-01 2.134707145526713035e-01 1.012531247173447113e-01 8.708180958832037466e-02 1.411613456237927888e-01 7.825582842428957520e-02 1.228982905669617764e-01 1.353078266011591424e-01 4.558294875827062498e-02
1.082599035144280464e-01 1.005267281074284647e-01 2.169319136067677789e-01 1.356340421604658175e-01 1.769124040819232135e-01 2.149218396589072100e-01 9.755143510784747285e-02 1.519643914014849884e-01 1.572746743509121359e-01 1.341396032517616632e-01
4.403994877606542957e-02 1.058149201517455396e-02 6.882191346875909943e-02 4.806117210115612437e-02 -5.555625146388631919e-02 2.448143123783630415e-02 -2.883604552904195373e-02 -6.099902634492160303e-02 3.058823542720467970e-02 4.736365779066498138e-02
7.560215209622356269e-03 3.239908421686754636e-02 -1.055358986336535354e-02 -6.446476114272048363e-02 -5.942596752843698482e-04 -3.669369604517314087e-02 2.031961260135783931e-02 7.324758170974021709e-02 -7.889246522811532714e-03 9.764748629153885418e-03
-5.700407216132319377e-02 -4.860300738747647120e-02 -1.861379065186952175e-02 -1.066724941156795836e-01 -2.161900652909842790e-02 -3.724925698063419333e-02 -1.474858994928052169e-03 3.390116913338481197e-02 -5.873764770981537708e-02 -3.148016498356742687e-02
-9.043370451343690775e-02 -8.650171176324850109e-02 -1.589186610221817730e-01 -1.965091647375505346e-01 -1.038074405211499851e-01 -1.694994069220712163e-01 -9.121370942038264928e-02 -3.339911210916124418e-02 -1.521242663964272879e-01 -1.067637167173511870e-01
-6.855534690875408899e-02 -4.476403611329526910e-02 -4.155763164115278130e-02 -2.404111682304854725e-02 -6.928887897986601985e-02 -2.544809849442675187e-02 -6.725009291532035860e-02 -9.077784339859285012e-02 -7.978716477911973470e-02 -7.222135797679918312e-02
9.281551688928857402e-03 1.136582382309070383e-02 2.320817601941271846e-02 -3.103693614675417933e-02 1.683386687365473477e-02 1.090664798485363463e-02 3.709288567209600984e-02 4.816309344153069105e-02 2.131455437246732032e-02 2.692711005792425283e-02
1.297468282651159655e-02 1.124807655679127549e-03 -3.518681331749462515e-02 -3.161298683045199454e-02 -2.583141074290029593e-02 -6.357403516854986947e-02 1.823663830970634336e-02 1.053329083725342841e-01 -3.861066073745167415e-02 7.892410790919512920e-03
-5.387509841739124283e-02 4.893764128260169599e-02 7.941895895082318191e-02 -5.129652105980042620e-03 4.383629641783848285e-02 4.641914614999098632e-02 -2.682466870357735900e-02 2.774249626276592551e-03 8.177857817812306251e-02 -7.836869425978498782e-03
-4.054725169416251163e-02 -3.968079643192989892e-02 -4.070865975280391069e-02 -5.311340280428922256e-02 -6.908695824237032213e-02 -3.258781938973775993e-02 -8.483248364059203794e-02 -1.209771275718116712e-01 -5.405383071878766543e-02 -5.598051456582098240e-02
-1.445146727200974368e-02 6.011217379104483172e-03 1.791604290334447569e-02 2.224061727326898108e-02 2.555626008341693733e-02 3.169478465913710963e-02 -3.513755009229369008e-02 -6.144763444584278034e-02 9.012234926728979190e-03 -1.510090969635502489e-02
1.304917918670778221e-02 2.160035195069731628e-02 2.420174422287502125e-02 -1.777662166725235693e-02 1.510577641917087988e-03 1.161922797930348139e-02 2.598066144347210837e-02 8.231525531160421849e-02 1.018980407205027916e-02 -9.724110232012250776e-04
-6.655969117822913006e-02 -3.002853940987293413e-02 2.943012299650860086e-02 4.647397578288980924e-02 -2.317106525827927754e-02 4.883567622905982120e-02 -8.436871654383626407e-02 -1.342596344326416613e-01 -1.159108399178787607e-02 -9.711920318086519899e-02
1.554116775372982318e-02 -7.830434926945351037e-03 1.754907261485083581e-02 -1.237091132719836395e-02 -3.397878077189236956e-02 4.370169949555346989e-02 -3.017618210980543836e-02 -5.734403476161364921e-02 3.874643879976602534e-03 6.177397138563134327e-02
-1.321231438646108813e-02 8.355115856477457470e-02 2.062837138793760516e-02 -2.558161241107992367e-02 8.354771534346294715e-02 9.182538124767347654e-02 -1.858595006995766852e-02 -6.646608963536859704e-03 3.505989388034613796e-02 2.283035943450872907e-02
-3.666640466537351983e-02 2.087399182914850826e-02 5.977157108446284894e-02 4.387656473069156959e-02 3.790841793422305983e-02 5.721595485728725450e-02 -5.850097769650020041e-02 -9.945019444429270550e-02 8.062143418795741923e-03 -5.766787504384307539e-02
4.906614925202390509e-02 6.604615029865534837e-02 6.333883595205413997e-02 3.277496509107713507e-02 4.746887110695219292e-02 5.332364049748772317e-02 9.423276785127221444e-03 5.103461296035494144e-02 6.794538382786008412e-02 7.082208345681539896e-02
1.472894327322027408e-02 5.008270336803377631e-02 1.196031201748581907e-01 1.028564750554776808e-01 4.413511573957329404e-02 1.103584105825774486e-01 -9.993180894079856103e-03 -7.432086682632377261e-02 6.741324299432704947e-02 9.244120500261132634e-03
1.168045264910446690e-01 2.018549675768359641e-01 2.340631454543231627e-01 1.983071295028278058e-01 2.357265015950105180e-01 2.632306959961363546e-01 1.167888905104819131e-01 1.554494851273835465e-01 2.589308334195701278e-01 1.151253760427630723e-01
8.202489636554233243e-03 -6.599392055022912373e-03 -1.343823629067486536e-04 7.688442921517157913e-03 -4.389851292640845060e-02 -1.867825533821498851e-02 3.553612700670782942e-02 8.286064893702604905e-02 -3.698424516650256066e-02 2.864799693314123985e-02
1.211105800940481814e-01 -3.067402255147122503e-02 -4.581100413730077037e-02 -4.550986656352673521e-02 -7.783002369406455401e-02 4.450683701319846364e-03 5.343971853532014649e-02 1.649758959012483928e-01 -1.131292208670844346e-01 9.345889488741931928e-02
1.458421171697175112e-01 8.666291522954239213e-02 2.034362887156371258e-01 2.262528762764093315e-01 1.099400524459124284e-01 1.465720351670247723e-01 8.602252699917420364e-02 3.398268505672419337e-02 1.756966232226195856e-01 1.248878280204523961e-01
8.092554090286085966e-02 9.463548626873574676e-02 1.040595479026880099e-01 3.746969920051013148e-02 1.048272792999767056e-01 8.563915218956541509e-02 1.118179948618012176e-01 1.650486414171625782e-01 7.423758577965511307e-02 1.087966629960441800e-01
-1.019505563549216731e-02 3.981382854831583273e-02 9.781079840618023269e-02 7.426060230153552766e-02 3.133552099493996934e-02 8.852485522179520672e-02 -6.495203991580655867e-02 -1.347895904457008243e-01 7.553940349448806657e-02 -2.855868500940683674e-02
-2.475975119346207620e-02 2.232985927920161373e-02 1.552124929244591556e-02 1.705239704954841784e-02 2.980528187449094091e-02 2.568345323987752948e-02 -3.497427752515180899e-02 -5.794919871866976990e-02 2.958373928914070916e-02 -2.413759827141781500e-02
3.007047095384951518e-02 -4.482501868222410479e-03 -3.292532727344976706e-02 -2.368708863946977772e-02 9.728389854553043392e-04 -5.200729105405699215e-03 2.877055378557979992e-02 3.828991107781920533e-02 -1.914365639065795932e-02 6.397095462082447170e-02
3.869507805237670794e-02 4.924433744140355174e-02 4.514993443130421724e-02 6.624579486944170981e-03 5.999759543358162972e-02 7.939676821081853575e-02 7.922488977745256733e-02 1.371623756547926121e-01 1.984329894225211888e-02 8.502895879267491352e-02
1.228040456015833115e-01 1.520141352203350227e-01 2.233486939406232885e-01 1.882040288648338944e-01 1.571317895461357139e-01 2.025206092540514646e-01 8.033208645558387317e-02 1.424070743844652043e-01 1.991229649027213000e-01 1.431583948897099390e-01
5.162029845987259336e-02 4.996188454472694218e-02 6.578536206012142173e-02 5.116892067643608044e-02 -4.739671704720560541e-03 4.107045650926011149e-02 7.140657662153770957e-03 2.090935939180038616e-02 2.962194648557225918e-02 6.524918732881612726e-02
8.644758836081223308e-02 -1.470314367814928858e-02 -2.340022841666389297e-02 -7.169180688931575673e-03 -4.564825725528720568e-02 -1.360905449419380631e-02 5.198002564191561703e-02 1.972532542742282402e-01 -9.394288093416758301e-02 5.955169829594364472e-02
4.440193369254841205e-02 6.412513351520487959e-03 5.214254549627206359e-03 -1.016528240900393953e-02 -3.565562746329398180e-02 -3.663314218763069618e-02 1.762963881279944189e-02 1.384454418268523668e-01 -7.945354222234080055e-02 8.673319617310859542e-02
4.809343627595374926e-02 -1.745158306945038262e-02 6.235134685264043242e-04 1.592574966974158457e-02 -4.763890963816308499e-02 -4.026886403566898309e-02 1.861804324112981135e-02 8.077541163430979054e-02 -5.951946241335193122e-02 3.942440088341214732e-03
-1.145749163017431016e-01 1.225772090803469716e-01 1.371877117276110170e-02 -5.256501109734168509e-02 1.518334597603923086e-01 1.850370257110700578e-02 -2.450523940098747744e-02 2.893560828674335283e-02 6.011440404633816570e-02 -7.636117658903351924e-02
8.219514714152875712e-02 1.421856049667926669e-01 1.613700761171177334e-01 7.889769040805683087e-02 1.366801011559894974e-01 1.386948435091177600e-01 8.141153444831950026e-02 1.296104487528859650e-01 1.111280746047018653e-01 8.631682057894840554e-02
4.304151454894888928e-02 2.377343182915492292e-02 -4.169264891741342183e-02 -6.663804885399482458e-02 -3.787403693396562687e-02 -1.838797113761359014e-02 -3.824476390294684336e-02 1.594746360655818762e-03 -4.841586910528405951e-02 3.800837033085890937e-02
-3.047920170902074233e-02 4.296424920564889671e-02 2.100201569083459674e-02 -3.623981204052206806e-02 4.436300997538555890e-02 2.301559427096400157e-02 -9.434622985537544082e-03 2.265232672966632776e-04 3.647774901914058177e-02 2.136277979022160878e-03
6.150588129067013909e-02 8.067390216422953841e-02 2.012449092139778628e-02 -1.545912373916991100e-04 6.320991614654047908e-02 8.489969827202514807e-03 7.072169935529881712e-02 1.595625765938505358e-01 3.735475980376268268e-02 6.571556929745625553e-02
1.144585579742063430e-02 6.407070027027561565e-03 2.402631173511959872e-02 -7.623190917796396349e-03 -2.398988309838134825e-02 -4.610527153165261405e-02 -9.016781488243807985e-03 7.134162134894062035e-02 -1.041298273181112677e-02 -1.204354612721342255e-02
7.171797721958039773e-02 -7.403602250682972397e-02 -4.989413220082816736e-02 4.141459465696328834e-04 -6.424403841723513864e-02 -5.461598117205834768e-02 7.034273589365636070e-02 1.611886966541851152e-01 -6.263427093777229615e-02 6.045400498818365165e-02
3.906175207544571037e-02 -1.970733210355124498e-02 -4.230302918385131505e-02 -3.223105563330719292e-02 -3.303809819051295449e-02 -4.174029000755208330e-02 4.943282495884160355e-03 2.052361757108123186e-02 -4.251168252899972799e-02 5.233258968795695409e-02
4.209604789893361954e-02 8.958395799622209665e-02 2.004881751353084773e-01 1.556499345426809455e-01 2.405350613167067664e-02 1.730470732057103334e-01 -1.094774849403563621e-01 -7.301970361378096186e-02 9.868059417940688860e-02 -2.567147526069213370e-02
3.380951704865520213e-02 4.295455951196291977e-02 4.704585281819184672e-02 -1.187064204570820181e-02 4.691443133698047774e-02 1.758930824688054173e-02 5.221061884906230688e-02 1.435045542837150023e-01 8.893809682013475992e-03 4.494190423047328409e-02
5.872037854924627709e-03 -1.189120136586030441e-02 -5.136764703419061107e-03 -3.208552821364207830e-02 -2.526973040300362072e-02 4.048350266550926335e-03 -4.694261065209204276e-03 3.417175600929400758e-02 -1.268154303968316299e-02 1.707316872200248525e-02
-6.172123426816611413e-03 -2.144706029874665631e-02 1.010583291504296710e-02 7.144660719449191788e-04 -2.368100218403057511e-03 3.718642112912018405e-02 -2.742406286923682046e-03 6.446447772987085045e-03 1.238884022388941908e-02 -5.488370040367840375e-03
1.013867241267574215e-02 -9.520979116079164584e-02 -1.346065355614891601e-01 -1.347316165217602446e-01 -7.479459424361412090e-02 -1.199818743235194773e-01 8.595241915194673510e-02 1.800514227739618001e-01 -1.419318110106999598e-01 6.577268291211302298e-02
1.139658240182868099e-01 1.000658060795878157e-02 3.489063674680670246e-02 5.505398716653164826e-02 -1.091584592598593417e-02 6.348578368780533054e-02 9.918831269664352135e-02 1.627170754926892116e-01 -2.507402292935401178e-02 9.843892881993333843e-02
4.472830240139380464e-02 7.015031134666926960e-02 1.010345813182209618e-01 5.849730453805435104e-02 3.899650198761756004e-02 8.139881323864450735e-02 8.632916051184658102e-03 4.856012612831328568e-02 3.625264372050907014e-02 4.246015194463570452e-02
1.898832617823655866e-01 2.126130398578389702e-01 2.245710211830669323e-01 1.743945102268931180e-01 1.759391546951580843e-01 2.961087690381365434e-01 2.069246984026262837e-01 2.502850576069683974e-01 1.567963400205143465e-01 1.827692894562902293e-01
-5.646060564470545273e-02 -9.494548321566220750e-02 -9.945175547846796249e-02 -1.142063782619340273e-01 -1.195185456014382641e-01 -1.005144627459593210e-01 -8.284883251772434676e-02 -6.722460488591153194e-02 -1.250297799674795485e-01 -1.289470177774332260e-02
4.972758505917518335e-02 1.672535980883571582e-02 2.900432656836926526e-03 4.401872778046689305e-02 -5.805203091353217104e-02 3.599459700783569360e-03 -3.652463077313994333e-02 2.074922494208486512e-04 -3.317901012870638766e-02 2.630331197348523276e-02
3.525679450998442377e-02 9.539260195903231931e-03 -1.096972261763529133e-03 -4.053974869956356031e-02 -1.094095348924106759e-02 -1.693214083142091653e-02 3.238631654267098980e-02 7.751444602699120168e-02 -7.379211776601835027e-03 6.194293793908034473e-02
4.902078622215721992e-02 -4.746457897824640781e-02 -2.642128039087232594e-02 -2.684615848086746581e-02 -2.892288032417145160e-02 1.708436013766245765e-02 4.456763268300356629e-02 8.340347480997722940e-02 -8.195858638827591136e-02 8.355791062624318144e-02
-1.941004485049191430e-03 6.662374460481768068e-02 1.015328621348388083e-01 5.130096640891501636e-02 6.830874318910762355e-02 8.960885313972122290e-02 6.394821833217712026e-03 -3.613443682170647264e-03 8.220783809337195436e-02 1.282525035542658731e-02
5.603539157175507768e-02 7.908984609013458567e-03 9.989212640662359366e-02 1.118356213871765092e-01 -1.474860222697849110e-02 1.669349793220069600e-01 -1.406377696782321607e-01 -1.342673632644260096e-01 -4.599778279166244488e-04 -3.664575822703386443e-02
-1.743076300167256676e-02 -2.312276376037480929e-02 -2.405970284033309703e-02 -3.850211490141663973e-02 3.054827784930669310e-02 -1.476313026832531961e-02 3.456555609317568667e-02 8.368803144292069618e-02 -4.553997837370182822e-02 -6.433151374769074948e-03
-3.949594253226074159e-02 6.909577061219707161e-02 1.165924882990472256e-01 5.595479784997081651e-02 6.728669822478217100e-02 5.338308053042961632e-02 7.450546554389703147e-03 1.042907291767019018e-01 6.057285591321415197e-02 -3.557872052392951900e-02
-6.599850573794174835e-02 -1.554102976763149790e-02 1.194045032321477962e-02 -4.268384645872824734e-02 -3.695462062475662890e-02 -2.184763474348017098e-02 -3.605200076936476705e-02 -5.579328806562422471e-02 3.159233982456655099e-03 -4.192427833196887832e-02
2.348863400714762406e-02 5.054232072901676531e-02 5.368914544344960404e-03 -2.295585936812383210e-02 3.268348462249859310e-02 8.404275612082123814e-03 4.162345119805621607e-02 7.988232032564424046e-02 3.516966457593362350e-03 4.326345440160572764e-02
1.508792541031827028e-01 6.481776911618220005e-02 1.928185122625436509e-01 2.373808584000851596e-01 1.319131064258991515e-01 2.228309740495548752e-01 9.917781184331664335e-02 6.542138011165654632e-02 1.868334022538160610e-01 9.949101060038839650e-02
9.089880106023962014e-03 6.115794468491131397e-02 5.156228808008656017e-02 -2.071431202153739548e-02 5.044683509385627929e-02 3.236757013011626327e-02 -1.118339186658268147e-03 1.451409857805985304e-02 4.111994526083506685e-02 3.907863636620412251e-02
9.140782809908820639e-03 2.428008153494953802e-02 6.099255844082174249e-02 -7.129901582430520079e-02 5.972790961095597595e-02 9.440394074143476644e-02 -1.021746815706867650e-01 -2.094974017747226469e-01 9.249507333414896948e-02 4.340028963921405136e-02
-5.059184717130627007e-02 -1.482790521309755860e-01 -5.207787547032816100e-02 -3.317295615183635249e-02 -3.323622409846915815e-02 4.233282778192282159e-02 -2.297703962901564978e-02 -6.031402079047509801e-03 -1.229934526515741033e-01 2.778281298446239056e-02
7.825153638164827896e-03 -1.183782025184410003e-02 4.525284859383038594e-02 4.939676596826503285e-02 -3.965913507572338403e-02 -6.289714745617125402e-03 -9.008669961391824188e-03 -3.832234714358317973e-02 1.620436717852058450e-03 -3.959622827242448295e-02
-1.176007345618179656e-01 -8.338906029170800593e-02 -2.700718929777068400e-02 -5.410266082210080096e-02 1.186468918904814984e-02 5.563341332479776469e-02 -7.334847111927977892e-02 -1.919019879277161778e-01 3.004116998419188722e-02 1.465572384377900050e-02
-1.764828944995322502e-02 -3.800474343984561187e-02 1.466344111119521898e-02 -2.053636439517703138e-02 -2.351708662291862595e-02 -2.279342679394158466e-02 -1.306986552495459364e-02 -7.718297809502061568e-03 -4.536371049612597517e-02 -2.945718500844130006e-02
-6.864597427493857040e-02 4.240293550708607029e-02 9.974384346028486448e-03 4.744673574567315200e-03 6.885344118742109387e-02 1.332968823189317753e-02 -2.642308560185924193e-02 -8.536290706077030721e-02 5.377027385270671811e-02 -4.839237075388480580e-02
5.373285147285500329e-02 3.046966204240852960e-02 4.738476938821456486e-02 1.468283259931002505e-02 3.234574210507812353e-02 5.563264442576443258e-02 5.923274735804984203e-02 6.590806447865116269e-02 4.815782860204897986e-02 7.231959869352166947e-02
2.268765603361266869e-02 -6.321607968367004560e-03 4.352022146285561277e-02 3.236976436398908419e-02 -3.133015473919975591e-03 3.462458496864151414e-02 -1.312837038257352873e-02 1.333664313016313940e-02 -9.489172384768096435e-03 -6.569850571720659005e-03
2.655957223027183289e-02 4.752593098154012097e-02 1.163175384425330083e-01 -5.124566572957789390e-03 3.671835185201244300e-02 1.034779915527064276e-01 -8.746131460730666163e-04 2.758680641820809853e-02 9.772235485776192832e-02 -6.877271858103384261e-04
1.190609738623304992e-02 -1.188326724420818437e-03 8.632545480518061254e-03 -6.074413083421603687e-03 -3.964160302190045115e-03 1.657709517817895772e-02 -2.043664513033061070e-02 -2.996241564095214471e-02 1.567529872490069920e-02 1.147157272986287779e-02
-1.862860026690871251e-02 2.517306008794495398e-02 1.397388857207904067e-02 -1.504203302562601152e-02 4.238498366497811531e-02 -2.689908344268676643e-02 -8.928828535468724681e-03 -1.039885173281107633e-02 2.131713934839352120e-03 -7.898074328763327046e-03
5.579490104176798582e-03 -5.729978546232139536e-03 -1.596576057613496857e-02 -2.322460568853035312e-02 7.584814992797284106e-03 -8.411805629672919338e-03 1.487861283277114310e-02 1.417453283570502265e-02 -2.327690162958084841e-03 2.623332776032150093e-02
2.989868269766660092e-03 -1.762171122463840334e-02 -2.129274466393882292e-02 -2.344841796469943063e-02 -1.487215094802341042e-02 -2.215181407265998104e-02 9.602104584391923936e-03 4.080986854005352882e-02 -5.633881330055445780e-02 1.223837860604581884e-02
4.488971930471308269e-02 5.027803521126905650e-02 1.448793366814982164e-02 1.072691454864016514e-02 -5.268275308705661075e-03 -6.139209799600919837e-02 3.953743112320218245e-02 9.069206236301896595e-02 -1.352354296873481410e-02 4.201738970088175762e-02
-1.004949075167482775e-02 6.326523188286969912e-04 -1.738457699048900906e-03 -3.205807535196392166e-03 2.810891178480101615e-02 1.181191167338369041e-02 -2.802355116461530127e-02 -3.226115390569983532e-02 -4.085542158751565012e-04 -2.309728295261681552e-02
1.680514657680447499e-01 -3.473110109190180594e-02 -8.836056005108616773e-03 9.260631874357194704e-02 -5.470634238135030358e-02 5.234233630715579011e-02 7.443807951184133742e-02 6.400967454359829389e-02 -3.545930195084867620e-02 9.327139024640018761e-02
1.272096266204769677e-02 -2.614875065810018384e-02 7.408246888179270684e-02 -4.742228875918463871e-02 1.604568969443860293e-01 2.050586464082848615e-01 1.802266020158178605e-01 2.579847279261517912e-01 3.984236705638055653e-02 1.330412523350705811e-01
-5.437066560456660369e-02 2.040060443526670042e-03 -1.166501651250317906e-02 -6.617577714764633079e-02 9.999651983978452563e-03 3.798379256133133097e-03 -1.251330710235265542e-02 1.571533211311759715e-03 1.304390089062756886e-02 -1.906687944357909892e-02
4.153300921953650970e-03 2.323811644921391917e-02 2.635362384804040836e-02 5.283433386738334292e-02 -9.331815846449487140e-03 7.827268677551235676e-02 -4.746441165342041302e-02 -9.464595246869578204e-02 6.054296906979139692e-02 -4.227552407795687195e-02
-4.319525869212581526e-02 -3.191547544534811820e-02 4.115114138071795935e-02 -1.186927576637408777e-03 5.398806000059686028e-02 9.402555064914164262e-02 -7.406319780640746586e-02 -9.863328974518914549e-02 -1.051713018927080689e-02 -4.633239318364967829e-02
-2.886025416567505886e-02 -4.639401984040247839e-02 -2.355381853703431005e-03 -2.527692005348747273e-02 1.460367237167758958e-02 6.239662297200521124e-02 3.888512949066225133e-03 7.669262368869667057e-03 -4.139336934725346140e-02 1.158605850232952150e-02
1.178009994028617058e-03 -4.300819547012046939e-02 -1.025382418402998042e-03 -2.594539986814137222e-03 -8.092333948674923505e-03 5.953679730994032582e-03 2.275311784912203983e-02 4.766434082327375421e-02 -3.521173676736877312e-02 8.746788521937887140e-03
-4.640812774827818288e-02 -2.997866458147591118e-03 1.196785527145305394e-02 -1.072548076710244658e-02 1.855600048553096570e-02 1.777502646585915613e-02 -2.494722089674983323e-02 -4.335292433337301077e-04 4.181983895734653345e-03 -3.873968119643267372e-02
-1.865234145609253602e-01 -1.369636978096346880e-01 -2.307105040488597325e-01 -2.419882837586149193e-01 -1.431301869239387514e-01 -1.901200202316015719e-01 -1.697661935469643169e-01 -1.552500250762234302e-01 -2.258055997754939703e-01 -1.163028520729669779e-01
-3.268677834624167389e-02 -1.886686604479415053e-02 -1.651077265486744494e-02 -3.335756561447134061e-03 3.676475537134660243e-02 3.419928071554512172e-02 -2.742237913017309126e-02 8.143802011062462043e-04 -8.568134819014083803e-03 -5.890042454660804339e-02
4.340317044135844071e-03 -2.685277692631160562e-04 -5.577123944864315064e-03 6.275081234016433029e-03 -7.075012428561233691e-03 -2.187000128456162429e-02 4.153480618799498814e-03 2.598607566010358028e-02 -7.475664290855554839e-03 -1.691489243071231385e-02
-4.619466161478493760e-01 -4.175174466224866876e-01 -3.532040958154109012e-01 -5.122980280062803260e-01 -4.269956099987393117e-01 -3.865943020803466190e-01 -3.850762031234231664e-01 -4.805452723899721335e-01 -4.845461380754851888e-01 -4.690101012685143900e-01
1.617374163781990504e-01 5.315904736310450573e-02 6.764356877271771040e-02 -3.274567533872296821e-02 1.220143366561270426e-01 1.589953263896208835e-01 -1.989939355901348961e-02 3.006895954704980056e-02 8.723037182367487929e-02 1.297850952800594371e-01
2.399517919186244796e-03 -4.058528081442247526e-03 1.279896720397166732e-02 -2.358932810812675029e-02 1.866062464436701873e-02 6.498933631824233004e-02 1.049199527863375891e-02 1.514903235052411645e-02 1.486298790175677453e-02 4.168668385490637007e-02
1.009458292220877240e-02 2.316439413089632637e-02 3.124959158184981156e-02 8.554517616851775585e-03 4.280291168056571394e-02 6.440124540717961921e-02 2.163739388665852914e-02 9.376177142479136251e-02 -8.330436180725264705e-03 1.732894738688539604e-03
-6.092528562113841417e-04 -1.486192435667810230e-02 3.256142294155320305e-02 -1.441440658006776232e-03 6.033847633808697708e-02 7.412554091252054889e-02 -3.024653360740892083e-02 -3.921203464323586019e-02 1.700974866128568408e-02 4.328812513095847692e-02
-1.134660418400912363e-02 3.774036559347493380e-03 7.091198665251141620e-02 1.201303606652264211e-01 -8.192762855573576530e-02 9.684869507998694615e-02 -1.261071230170216495e-01 -1.848746046998819281e-01 3.050640226284251355e-02 2.223640427850170909e-03
5.898190819842241694e-02 2.773220782283747354e-02 2.785225501594901232e-02 3.546112233995479812e-02 -2.625985081741966098e-02 3.778261015379058563e-02 1.490279513658165911e-02 9.405621443554967875e-02 -2.915729076693829303e-02 1.061627749972764434e-01
-1.692590791422077245e-01 -1.645767744508370711e-01 -1.655500228924200457e-01 -2.298636407032272899e-01 -1.807129291141862382e-01 -2.039702704741692685e-01 -1.406410905184491966e-01 -5.289055174393464398e-02 -2.150107026336387506e-01 -1.951803669486142923e-01
1.116817226506325866e-01 9.802485101252145228e-03 4.147925464499380155e-04 -1.199856697101746583e-01 1.301735920075710595e-01 -6.130196717455005384e-02 1.715376086958542157e-01 4.216090392286435673e-01 -1.530569049016694549e-01 1.182748234190178493e-01
-4.505919088659871008e-02 -4.208927031772446981e-03 2.170562404181364258e-02 1.437001536449322714e-03 1.777166325524959234e-02 3.222103559205802270e-02 -3.846594066084474406e-02 -5.168220725954064676e-02 3.486899864279990879e-02 -4.487948742209191266e-02
5.030313744472714177e-02 -4.093881960363976447e-02 -1.544291760058413843e-02 -3.163798767708936310e-02 -5.888450079239060386e-02 -2.250508777294069063e-02 8.302280352419977305e-03 3.839785437407705615e-02 -2.260527531589962003e-02 4.190684622516416269e-02
-1.260345490162118054e-02 -1.295369403848578571e-02 7.979859650279585992e-03 -1.920363165247707116e-02 -4.606030384666226496e-04 1.616725796423867934e-02 -1.174295420131743484e-02 1.248124172946862842e-02 -2.481341762511668492e-02 -2.107447643076909571e-03
8.513906257565651003e-02 -8.037492800911749669e-02 -3.257842522771614568e-02 -9.643967106758344343e-02 -6.917285722401977921e-02 -8.072906669933566093e-02 7.511436603536036927e-02 1.838294966468363434e-01 -9.166337730350554436e-02 6.777587572821630602e-02
-2.348755353874798502e-02 4.081341538431981775e-02 5.761074149917000398e-03 -2.248188707365983419e-03 -1.019252446036311710e-02 -6.395736015694097887e-03 -6.046336025504306377e-02 -4.177452887813748461e-02 2.173665267346036600e-02 4.407569225742147268e-03
-6.667315168108345347e-02 2.074935337260441770e-03 3.493434707391074312e-02 9.228519406656432444e-02 -1.759106504100671486e-02 8.582765113749779573e-03 -8.986993331084569547e-02 -1.225149404604426451e-01 1.214157862119780162e-02 -8.420046354434074232e-02
-4.725322660125552687e-02 -7.314455148594012357e-02 -1.584953451658943635e-02 -1.107746212808340402e-01 2.001633171583527826e-03 -5.361749598895571012e-03 -1.118322528131798776e-02 3.656577417937167951e-02 -4.874893082529574428e-02 -6.373586077287285434e-02
-7.073790090928433472e-02 -6.356196179279560710e-02 -2.720272975432802554e-02 5.226280885310830016e-02 -1.631017951078437278e-01 -7.702734667633492904e-02 -1.242422588916602955e-01 -1.494052943875554540e-01 -5.583718870996179362e-03 -3.769683112269284209e-02
-5.031167398405012037e-02 6.465309561113752324e-02 5.423646491015432503e-02 3.582724375493739899e-02 5.585379747375096571e-02 6.634443093325437246e-02 -2.408977414019064511e-02 2.222275879417967559e-02 4.607912924066859262e-02 2.535291461107647137e-03
-1.468043252096487006e-01 3.265046707007428495e-01 2.749698624554515192e-01 2.826404307212282419e-01 2.822132592533677098e-02 1.811785319611267653e-01 -1.115301302076718848e-01 -4.143561139034561691e-01 4.312496240828385119e-01 1.956885411655662210e-02
-1.777589916789690250e-02 5.468143081140253159e-02 3.698021326985401203e-02 2.561223877807883298e-03 1.950402798269657012e-02 1.815552952621146687e-02 -2.470293772570197888e-02 -6.005003669313779824e-04 5.218610108080401488e-02 -5.330482205979869548e-03
-5.786944532356130821e-02 7.756530435798758560e-02 1.109370811069769758e-01 -8.302786550663832088e-02 2.226679302967280449e-01 -2.117441826227439705e-02 1.210923325665627104e-01 2.103979605959516164e-01 1.157814845809025384e-01 6.723905004403279984e-02
-1.564298794554472849e-01 -1.992855966235307363e-01 -1.758221070711361023e-01 -2.140415164055280428e-01 -1.556720100110720040e-01 -1.292960097352069404e-01 -1.583791155774587622e-01 -1.712201471751826354e-01 -1.851260215017782595e-01 -1.358062658916239229e-01
1.397770148809573953e-02 -1.056287558991897413e-03 4.714039678972881120e-03 2.643691138270121144e-03 -7.233479819117150100e-03 5.838817708724697297e-02 -1.376389270788536123e-03 2.174953268767509940e-02 -1.986895833757795771e-02 4.214235502786722876e-02
5.956030826125058297e-03 -4.045414927100221547e-02 -1.211214035009167134e-02 1.392751861491881016e-02 5.966219685191731514e-04 -2.821225669871907371e-02 3.895523166179337693e-02 4.023411181487945854e-02 -2.401223480536618382e-03 2.221589896105324868e-02
-7.330089009913942633e-02 -6.217133243383798913e-03 2.148384992702379037e-02 -3.666396769259527844e-02 1.134305040979057821e-01 1.237150721016355703e-01 -3.483040066323361827e-02 -1.153587286716248883e-01 4.620327349568453812e-02 3.377376960389177896e-02
4.461278855824257761e-02 4.699321873547823714e-03 5.223076217692224077e-02 6.625786017728785282e-02 1.473020541006597739e-02 4.614245260470006826e-02 1.633398856642731545e-02 -1.710574469966807953e-02 1.473415147274170778e-02 4.218247920312290233e-02
8.662382628121179096e-02 9.257925315525561416e-02 8.665504970803139528e-02 6.895524813092013261e-02 3.427139543697155233e-02 1.184390014059868435e-01 1.971165027598846820e-01 2.227707521652311229e-01 7.872593152980833509e-02 2.028012900019413589e-01
3.433523608412158978e-02 -1.853745685511221097e-02 -2.107892132260147378e-03 2.551921288799885446e-02 -5.831936387822889145e-02 -2.359311846954081915e-02 -9.051217575031245133e-03 -1.166447512585166990e-02 -1.557759128541214011e-02 -4.194411934405728459e-03
2.608198032791886334e-03 7.404702918862859917e-04 1.551846434996662083e-02 1.420384597816481964e-02 6.570466799771690347e-03 6.475488515216731855e-03 -9.999629072328541923e-03 -3.095632774628498396e-02 6.427203792263913584e-03 -1.226418352155178582e-02
-1.008085322911789206e-02 2.976629999170299357e-02 3.388818219262557108e-02 2.307330469120882910e-02 3.957164729976980766e-02 2.056210728766449947e-02 -2.883209827038513140e-02 -6.602622638703348201e-02 3.560331152780182862e-02 -1.738179718057875078e-02
-8.054574932920388619e-03 2.151466052053407907e-03 1.535121676377571021e-02 -1.452062540336918062e-02 2.211087173817460894e-03 -7.648612458528580849e-02 5.908081326546721357e-02 1.288411031550613650e-01 -5.511807340477403727e-02 -1.693156035779441737e-02
-1.293246872443942763e-02 3.425867818797900810e-02 1.338601129855021554e-02 6.404250181620607663e-03 2.133140023339308300e-04 7.783743133501186406e-02 -8.537195817353193661e-02 -1.450505862651230160e-01 6.899022607963267717e-02 7.568633748192610256e-03
-5.168884330368506141e-02 -2.444172255474086342e-02 -1.951514292271705475e-02 -2.480708394050967769e-02 8.233662796914842374e-04 7.350000042132087685e-02 -4.718920761631295591e-02 -4.357495696802948792e-02 6.562587764653571298e-03 -1.686627794464179431e-02
