3.908450603485107422e+00
3.108108043670654297e+00
2.896551609039306641e+00
3.783333301544189453e+00
3.259259223937988281e+00
3.700000047683715820e+00
3.876811504364013672e+00
4.029411792755126953e+00
4.091836929321289062e+00
3.814814805984497070e+00
3.938271522521972656e+00
4.404761791229248047e+00
3.575757503509521484e+00
4.125000000000000000e+00
3.843750000000000000e+00
3.166666746139526367e+00
3.032258033752441406e+00
2.571428537368774414e+00
3.823529481887817383e+00
3.304347753524780273e+00
2.516129016876220703e+00
4.180850982666015625e+00
4.277777671813964844e+00
3.517241477966308594e+00
3.603960514068603516e+00
3.736842155456542969e+00
3.105263233184814453e+00
4.021739006042480469e+00
2.527777671813964844e+00
3.777777671813964844e+00
3.795918464660644531e+00
3.781250000000000000e+00
3.555555582046508789e+00
2.500000000000000000e+00
2.000000000000000000e+00
2.000000000000000000e+00
2.000000000000000000e+00
2.837837934494018555e+00
3.464285612106323242e+00
3.083333253860473633e+00
2.769230842590332031e+00
4.041666507720947266e+00
2.916666746139526367e+00
3.615384578704833984e+00
4.083333492279052734e+00
3.875000000000000000e+00
3.571428537368774414e+00
4.102564334869384766e+00
3.500000000000000000e+00
4.351955413818359375e+00
3.303030252456665039e+00
3.933333396911621094e+00
3.128205060958862305e+00
3.257142782211303711e+00
3.928571462631225586e+00
4.208955287933349609e+00
4.312500000000000000e+00
3.673469305038452148e+00
4.074074268341064453e+00
4.210526466369628906e+00
3.842105150222778320e+00
3.097560882568359375e+00
2.913043498992919922e+00
4.544554233551025391e+00
3.742857217788696289e+00
3.416666746139526367e+00
3.000000000000000000e+00
3.333333253860473633e+00
3.844036579132080078e+00
3.623529434204101562e+00
3.921875000000000000e+00
3.333333253860473633e+00
3.368421077728271484e+00
2.000000000000000000e+00
2.500000000000000000e+00
3.400000095367431641e+00
3.269230842590332031e+00
2.357142925262451172e+00
4.081818103790283203e+00
3.049999952316284180e+00
3.685714244842529297e+00
3.555555582046508789e+00
4.173077106475830078e+00
3.333333253860473633e+00
3.384615421295166016e+00
3.979591846466064453e+00
4.025000095367431641e+00
3.656250000000000000e+00
4.244185924530029297e+00
3.035714387893676758e+00
3.608695745468139648e+00
3.487179517745971680e+00
3.666666746139526367e+00
3.000000000000000000e+00
3.918032884597778320e+00
4.010869503021240234e+00
3.921052694320678711e+00
4.398496150970458984e+00
3.711538553237915039e+00
4.300613403320312500e+00
3.260869503021240234e+00
2.900000095367431641e+00
1.777777791023254395e+00
1.000000000000000000e+00
2.521739244461059570e+00
3.130434751510620117e+00
3.000000000000000000e+00
3.363636255264282227e+00
3.534883737564086914e+00
2.000000000000000000e+00
3.488888978958129883e+00
2.500000000000000000e+00
4.666666507720947266e+00
4.545454502105712891e+00
4.166666507720947266e+00
3.739130496978759766e+00
3.788135528564453125e+00
3.054347753524780273e+00
4.000000000000000000e+00
1.960000038146972656e+00
3.361702203750610352e+00
2.090909004211425781e+00
3.405405521392822266e+00
4.064516067504882812e+00
3.559523820877075195e+00
3.787878751754760742e+00
4.347107410430908203e+00
3.349999904632568359e+00
3.571428537368774414e+00
1.375000000000000000e+00
3.559999942779541016e+00
4.202702522277832031e+00
3.716981172561645508e+00
4.305084705352783203e+00
4.190476417541503906e+00
4.241379261016845703e+00
4.016393661499023438e+00
1.375000000000000000e+00
2.812500000000000000e+00
3.052631616592407227e+00
3.714285612106323242e+00
2.944444417953491211e+00
3.764705896377563477e+00
3.946666717529296875e+00
2.047619104385375977e+00
2.000000000000000000e+00
3.508196830749511719e+00
2.928571462631225586e+00
2.750000000000000000e+00
3.857142925262451172e+00
3.641509532928466797e+00
3.759999990463256836e+00
3.926829338073730469e+00
3.905660390853881836e+00
3.333333253860473633e+00
4.092592716217041016e+00
3.897435903549194336e+00
2.869565248489379883e+00
3.500000000000000000e+00
3.307692289352416992e+00
3.575757503509521484e+00
3.638888835906982422e+00
3.478260755538940430e+00
3.886363744735717773e+00
4.263157844543457031e+00
4.058823585510253906e+00
3.000000000000000000e+00
4.130434989929199219e+00
4.405405521392822266e+00
4.333333492279052734e+00
4.190476417541503906e+00
4.189188957214355469e+00
4.199999809265136719e+00
4.333333492279052734e+00
3.923076868057250977e+00
4.011111259460449219e+00
3.891891956329345703e+00
4.444444656372070312e+00
4.092307567596435547e+00
4.015384674072265625e+00
3.974522352218627930e+00
3.929577350616455078e+00
4.197674274444580078e+00
3.343750000000000000e+00
4.025640964508056641e+00
3.864864826202392578e+00
4.278688430786132812e+00
3.647058725357055664e+00
4.090909004211425781e+00
4.054054260253906250e+00
4.112359523773193359e+00
4.000000000000000000e+00
3.914893627166748047e+00
4.189873218536376953e+00
4.021276473999023438e+00
4.037974834442138672e+00
4.343283653259277344e+00
4.046511650085449219e+00
4.306122303009033203e+00
3.937500000000000000e+00
3.562500000000000000e+00
3.824175834655761719e+00
3.775861978530883789e+00
3.813084125518798828e+00
3.833333253860473633e+00
3.636363744735717773e+00
3.937500000000000000e+00
4.092307567596435547e+00
4.028985500335693359e+00
3.943396329879760742e+00
4.071428775787353516e+00
3.419354915618896484e+00
3.974999904632568359e+00
3.375000000000000000e+00
3.850746154785156250e+00
4.020833492279052734e+00
3.083333253860473633e+00
3.500000000000000000e+00
3.264705896377563477e+00
3.136363744735717773e+00
3.500000000000000000e+00
3.743801593780517578e+00
4.250000000000000000e+00
4.000000000000000000e+00
2.950000047683715820e+00
3.313725471496582031e+00
3.423076868057250977e+00
3.815789461135864258e+00
3.181818246841430664e+00
3.424242496490478516e+00
2.619047641754150391e+00
3.064516067504882812e+00
3.351351261138916016e+00
3.943181753158569336e+00
2.786666631698608398e+00
3.562500000000000000e+00
3.700787305831909180e+00
4.142857074737548828e+00
3.487804889678955078e+00
2.836363554000854492e+00
3.354166746139526367e+00
4.000000000000000000e+00
2.413043498992919922e+00
3.052631616592407227e+00
2.960526227951049805e+00
4.186046600341796875e+00
2.333333253860473633e+00
3.659574508666992188e+00
3.333333253860473633e+00
3.380952358245849609e+00
4.117647171020507812e+00
2.795918464660644531e+00
4.500000000000000000e+00
2.187500000000000000e+00
3.160000085830688477e+00
3.799999952316284180e+00
3.692307710647583008e+00
3.781064987182617188e+00
2.472727298736572266e+00
2.400000095367431641e+00
2.866666555404663086e+00
3.703703641891479492e+00
2.333333253860473633e+00
2.714285612106323242e+00
3.847222328186035156e+00
3.099999904632568359e+00
3.799999952316284180e+00
3.920454502105712891e+00
3.836363554000854492e+00
3.564102649688720703e+00
3.068965435028076172e+00
4.208955287933349609e+00
3.615384578704833984e+00
3.557377099990844727e+00
3.974025964736938477e+00
3.828571319580078125e+00
3.521739244461059570e+00
3.049999952316284180e+00
3.272727251052856445e+00
3.258064508438110352e+00
3.021276712417602539e+00
3.657534360885620117e+00
3.653061151504516602e+00
3.166666746139526367e+00
4.288461685180664062e+00
3.671052694320678711e+00
3.545454502105712891e+00
3.493243217468261719e+00
3.055555582046508789e+00
3.184210538864135742e+00
3.243243217468261719e+00
3.740740776062011719e+00
3.846153736114501953e+00
3.062893152236938477e+00
3.549999952316284180e+00
3.500000000000000000e+00
3.642857074737548828e+00
3.777777671813964844e+00
3.285714387893676758e+00
3.615384578704833984e+00
